0   3.356626e-10
0.005814   4.083462e-10
0.0116279   5.239869e-10
0.0174419   7.019541e-10
0.0232558   9.589127e-10
0.0290698   1.308064e-9
0.0348837   1.762807e-9
0.0406977   2.332446e-9
0.0465116   3.027447e-9
0.0523256   3.864967e-9
0.0581395   4.664753e-9
0.0639535   5.776365e-9
0.0697674   7.044027e-9
0.0755814   8.485565e-9
0.0813954   1.008506e-8
0.0872093   1.188410e-8
0.0930233   1.381599e-8
0.0988372   1.601738e-8
0.1046512   1.834081e-8
0.1104651   2.084589e-8
0.1162791   2.352561e-8
0.122093   2.582314e-8
0.127907   2.886499e-8
0.1337209   3.240776e-8
0.1395349   3.601082e-8
0.1453488   4.224822e-8
0.1511628   4.360677e-8
0.1569767   4.711199e-8
0.1627907   5.476731e-8
0.1686047   5.921812e-8
0.1744186   6.374972e-8
0.1802326   6.571615e-8
0.1860465   6.516638e-8
0.1918605   7.018690e-8
0.1976744   1.119095e-7
0.2034884   6.718860e-8
0.2093023   9.275142e-8
0.2151163   1.024030e-7
0.2209302   9.401222e-8
0.2267442   8.270349e-8
0.2325581   1.002837e-7
0.2383721   1.320506e-7
0.244186   1.057743e-7
0.25   1.125647e-7
0.255814   1.472844e-7
0.2616279   1.335312e-7
0.2674419   1.571430e-7
0.2732558   1.744933e-7
0.2790698   1.423847e-7
0.2848837   1.928432e-7
0.2906977   1.790519e-7
0.2965116   1.342283e-7
0.3023256   2.519709e-7
0.3081395   1.983353e-7
0.3139535   2.177140e-7
0.3197674   2.408941e-7
0.3255814   2.255841e-7
0.3313954   1.962361e-7
0.3372093   2.342050e-7
0.3430233   2.617944e-7
0.3488372   2.685304e-7
0.3546512   2.268026e-7
0.3604651   2.727122e-7
0.3662791   3.074320e-7
0.372093   2.318878e-7
0.377907   3.187444e-7
0.3837209   2.800300e-7
0.3895349   3.539801e-7
0.3953488   3.404074e-7
0.4011628   3.792414e-7
0.4069767   2.957078e-7
0.4127907   3.387664e-7
0.4186046   3.513003e-7
0.4244186   3.146829e-7
0.4302326   3.895463e-7
0.4360465   4.618021e-7
0.4418605   3.219889e-7
0.4476744   3.995322e-7
0.4534884   4.382394e-7
0.4593023   5.216300e-7
0.4651163   4.728989e-7
0.4709302   4.567471e-7
0.4767442   4.763263e-7
0.4825581   5.125844e-7
0.4883721   5.865307e-7
0.494186   6.099287e-7
0.5   4.817554e-7
0.505814   5.926793e-7
0.5116279   5.375024e-7
0.5174419   4.955617e-7
0.5232558   5.803033e-7
0.5290698   6.160870e-7
0.5348837   6.160870e-7
0.5406977   5.054894e-7
0.5465117   5.252164e-7
0.5523256   5.139498e-7
0.5581396   6.491596e-7
0.5639535   6.491596e-7
0.5697674   7.690712e-7
0.5755814   7.690712e-7
0.5813953   7.749961e-7
0.5872093   9.690729e-7
0.5930232   7.870033e-7
0.5988372   8.468116e-7
0.6046512   7.378842e-7
0.6104651   1.022901e-6
0.6162791   1.167423e-6
0.622093   8.936787e-7
0.627907   9.991153e-7
0.6337209   1.007941e-6
0.6395349   1.007941e-6
0.6453488   1.143686e-6
0.6511628   7.432136e-7
0.6569768   9.602907e-7
0.6627907   9.248946e-7
0.6686047   9.248946e-7
0.6744186   1.362209e-6
0.6802326   1.264653e-6
0.6860465   1.492943e-6
0.6918604   1.417593e-6
0.6976744   1.235137e-6
0.7034883   1.235137e-6
0.7093023   1.410135e-6
0.7151163   1.569495e-6
0.7209302   1.143574e-6
0.7267442   1.143574e-6
0.7325581   1.676819e-6
0.7383721   1.790674e-6
0.744186   1.625531e-6
0.75   1.754208e-6
0.755814   1.754208e-6
0.7616279   1.710328e-6
0.7674419   1.680311e-6
0.7732558   1.680311e-6
0.7790698   1.671163e-6
0.7848837   1.671163e-6
0.7906977   1.339699e-6
0.7965117   2.020701e-6
0.8023256   2.235163e-6
0.8081396   2.197818e-6
0.8139535   2.197818e-6
0.8197674   2.043012e-6
0.8255814   2.251985e-6
0.8313953   2.251985e-6
0.8372093   2.743084e-6
0.8430232   2.743084e-6
0.8488372   2.277048e-6
0.8546512   2.277048e-6
0.8604651   2.457768e-6
0.8662791   2.615391e-6
0.872093   2.615391e-6
0.877907   2.620991e-6
0.8837209   2.620991e-6
0.8895349   2.834419e-6
0.8953488   2.525100e-6
0.9011628   2.525100e-6
0.9069768   2.715640e-6
0.9127907   2.715640e-6
0.9186047   2.924099e-6
0.9244186   2.992076e-6
0.9302326   2.992076e-6
0.9360465   2.989117e-6
0.9418604   2.989117e-6
0.9476744   2.914248e-6
0.9534883   3.279617e-6
0.9593023   3.279617e-6
0.9651163   3.329446e-6
0.9709302   3.329446e-6
0.9767442   3.329446e-6
0.9825581   2.727203e-6
0.9883721   2.727203e-6
0.994186   2.727203e-6
1   4.999725e-6
