0   2.673610e-7
0.005814   3.089085e-7
0.0116279   3.704258e-7
0.0174419   4.579270e-7
0.0232558   5.731087e-7
0.0290698   7.161211e-7
0.0348837   8.867032e-7
0.0406977   1.082425e-6
0.0465116   1.304098e-6
0.0523256   1.552575e-6
0.0581395   1.776586e-6
0.0639535   2.071687e-6
0.0697674   2.389742e-6
0.0755814   2.732662e-6
0.0813954   3.094791e-6
0.0872093   3.488401e-6
0.0930233   3.889996e-6
0.0988372   4.336019e-6
0.1046512   4.780091e-6
0.1104651   5.249595e-6
0.1162791   5.728705e-6
0.122093   6.126309e-6
0.127907   6.641899e-6
0.1337209   7.323575e-6
0.1395349   7.915814e-6
0.1453488   8.938501e-6
0.1511628   9.128459e-6
0.1569767   9.619711e-6
0.1627907   0.0000108
0.1686047   0.0000116
0.1744186   0.0000121
0.1802326   0.0000123
0.1860465   0.0000119
0.1918605   0.0000125
0.1976744   0.0000205
0.2034884   0.0000117
0.2093023   0.0000161
0.2151163   0.0000175
0.2209302   0.0000157
0.2267442   0.0000135
0.2325581   0.0000165
0.2383721   0.0000209
0.244186   0.0000168
0.25   0.0000174
0.255814   0.0000224
0.2616279   0.0000202
0.2674419   0.0000231
0.2732558   0.0000261
0.2790698   0.0000206
0.2848837   0.000028
0.2906977   0.0000255
0.2965116   0.0000194
0.3023256   0.0000345
0.3081395   0.0000274
0.3139535   0.0000298
0.3197674   0.0000327
0.3255814   0.0000301
0.3313954   0.0000265
0.3372093   0.00003
0.3430233   0.0000343
0.3488372   0.000034
0.3546512   0.0000295
0.3604651   0.0000345
0.3662791   0.0000388
0.372093   0.0000296
0.377907   0.0000398
0.3837209   0.0000344
0.3895349   0.0000429
0.3953488   0.0000417
0.4011628   0.0000455
0.4069767   0.0000354
0.4127907   0.0000406
0.4186046   0.0000416
0.4244186   0.0000374
0.4302326   0.0000448
0.4360465   0.000055
0.4418605   0.000037
0.4476744   0.0000455
0.4534884   0.0000497
0.4593023   0.0000589
0.4651163   0.0000524
0.4709302   0.0000509
0.4767442   0.000053
0.4825581   0.0000563
0.4883721   0.0000653
0.494186   0.0000669
0.5   0.0000525
0.505814   0.0000644
0.5116279   0.0000577
0.5174419   0.0000529
0.5232558   0.0000618
0.5290698   0.0000648
0.5348837   0.0000648
0.5406977   0.0000539
0.5465117   0.0000552
0.5523256   0.0000532
0.5581396   0.0000675
0.5639535   0.0000675
0.5697674   0.0000793
0.5755814   0.0000793
0.5813953   0.0000789
0.5872093   0.0000987
0.5930232   0.0000801
0.5988372   0.0000858
0.6046512   0.0000738
0.6104651   0.0001023
0.6162791   0.0001169
0.622093   0.0000871
0.627907   0.0000963
0.6337209   0.0000992
0.6395349   0.0000992
0.6453488   0.0001102
0.6511628   0.0000739
0.6569768   0.0000941
0.6627907   0.0000918
0.6686047   0.0000918
0.6744186   0.0001324
0.6802326   0.0001205
0.6860465   0.0001417
0.6918604   0.0001352
0.6976744   0.0001204
0.7034883   0.0001204
0.7093023   0.0001348
0.7151163   0.0001482
0.7209302   0.000109
0.7267442   0.000109
0.7325581   0.0001541
0.7383721   0.000167
0.744186   0.0001511
0.75   0.0001626
0.755814   0.0001626
0.7616279   0.0001584
0.7674419   0.0001536
0.7732558   0.0001536
0.7790698   0.000154
0.7848837   0.000154
0.7906977   0.0001218
0.7965117   0.0001835
0.8023256   0.0002016
0.8081396   0.0001973
0.8139535   0.0001973
0.8197674   0.0001891
0.8255814   0.0002048
0.8313953   0.0002048
0.8372093   0.0002439
0.8430232   0.0002439
0.8488372   0.0002022
0.8546512   0.0002022
0.8604651   0.0002184
0.8662791   0.0002295
0.872093   0.0002295
0.877907   0.0002312
0.8837209   0.0002312
0.8895349   0.0002486
0.8953488   0.00022
0.9011628   0.00022
0.9069768   0.0002366
0.9127907   0.0002366
0.9186047   0.0002541
0.9244186   0.0002586
0.9302326   0.0002586
0.9360465   0.0002573
0.9418604   0.0002573
0.9476744   0.0002518
0.9534883   0.0002809
0.9593023   0.0002809
0.9651163   0.0002842
0.9709302   0.0002842
0.9767442   0.0002842
0.9825581   0.0002338
0.9883721   0.0002338
0.994186   0.0002338
1   0.0004255
