0   2150.049
0.005814   1832.107
0.0116279   1495.381
0.0174419   1179.323
0.0232558   916.6677
0.0290698   712.6396
0.0348837   560.2069
0.0406977   446.3152
0.0465116   361.607
0.0523256   296.8991
0.0581395   254.4027
0.0639535   214.362
0.0697674   182.362
0.0755814   156.7306
0.0813954   135.5815
0.0872093   118.7578
0.0930233   104.7026
0.0988372   92.87719
0.1046512   82.8413
0.1104651   74.24472
0.1162791   67.02151
0.122093   61.94455
0.127907   56.21613
0.1337209   50.39413
0.1395349   93.10571
0.1453488   196.8086
0.1511628   78.6297
0.1569767   73.24506
0.1627907   97.99499
0.1686047   100.9816
0.1744186   95.59969
0.1802326   49.80973
0.1860465   54.20404
0.1918605   24.89126
0.1976744   36.97789
0.2034884   124.2519
0.2093023   64.9357
0.2151163   108.7488
0.2209302   36.20979
0.2267442   98.96658
0.2325581   92.10597
0.2383721   100.0033
0.244186   31.05864
0.25   42.41175
0.255814   98.82567
0.2616279   190.7003
0.2674419   97.20512
0.2732558   152.7481
0.2790698   40.90668
0.2848837   137.2873
0.2906977   100.4987
0.2965116   53.16203
0.3023256   37.36823
0.3081395   77.01343
0.3139535   114.3475
0.3197674   162.1418
0.3255814   100.6052
0.3313954   119.4835
0.3372093   68.77757
0.3430233   170.9577
0.3488372   98.79371
0.3546512   111.9394
0.3604651   86.84048
0.3662791   130.6177
0.372093   100.3637
0.377907   85.98614
0.3837209   131.8329
0.3895349   133.6056
0.3953488   117.7394
0.4011628   127.8372
0.4069767   58.19048
0.4127907   93.78499
0.4186046   110.07
0.4244186   84.8521
0.4302326   133.0438
0.4360465   43.04832
0.4418605   133.6502
0.4476744   93.53098
0.4534884   100.1847
0.4593023   155.3809
0.4651163   109.6476
0.4709302   104.3914
0.4767442   100.3962
0.4825581   82.39448
0.4883721   104.1665
0.494186   77.54079
0.5   74.46055
0.505814   84.09975
0.5116279   57.00924
0.5174419   78.09578
0.5232558   75.96554
0.5290698   109.1749
0.5348837   109.1749
0.5406977   79.86026
0.5465117   61.04111
0.5523256   81.2851
0.5581396   87.41996
0.5639535   87.41996
0.5697674   122.1528
0.5755814   122.1528
0.5813953   99.45844
0.5872093   72.37073
0.5930232   58.00069
0.5988372   87.29347
0.6046512   75.01166
0.6104651   107.3957
0.6162791   98.05065
0.622093   115.6776
0.627907   69.2347
0.6337209   68.34175
0.6395349   68.34175
0.6453488   79.63501
0.6511628   60.28484
0.6569768   67.73792
0.6627907   78.25055
0.6686047   78.25055
0.6744186   134.9462
0.6802326   102.9966
0.6860465   83.09211
0.6918604   124.0947
0.6976744   105.315
0.7034883   105.315
0.7093023   115.1827
0.7151163   76.1188
0.7209302   74.453
0.7267442   74.453
0.7325581   128.5635
0.7383721   96.50447
0.744186   80.42747
0.75   106.1902
0.755814   106.1902
0.7616279   78.45127
0.7674419   72.51043
0.7732558   72.51043
0.7790698   57.08347
0.7848837   57.08347
0.7906977   52.73097
0.7965117   78.27469
0.8023256   97.82584
0.8081396   137.4403
0.8139535   137.4403
0.8197674   95.29615
0.8255814   117.5321
0.8313953   117.5321
0.8372093   142.2909
0.8430232   142.2909
0.8488372   122.2946
0.8546512   122.2946
0.8604651   146.1287
0.8662791   144.5684
0.872093   144.5684
0.877907   116.3055
0.8837209   116.3055
0.8895349   127.351
0.8953488   134.9341
0.9011628   134.9341
0.9069768   108.9382
0.9127907   108.9382
0.9186047   129.5479
0.9244186   123.197
0.9302326   123.197
0.9360465   128.491
0.9418604   128.491
0.9476744   109.9582
0.9534883   100.709
0.9593023   100.709
0.9651163   147.3332
0.9709302   147.3332
0.9767442   147.3332
0.9825581   178.2207
0.9883721   178.2207
0.994186   178.2207
1   93.93159
