0   1.223082e+25
0.005814   1.041985e+25
0.0116279   8.502216e+24
0.0174419   6.703060e+24
0.0232558   5.206344e+24
0.0290698   4.046280e+24
0.0348837   3.179027e+24
0.0406977   2.532579e+24
0.0465116   2.051742e+24
0.0523256   1.684523e+24
0.0581395   1.443935e+24
0.0639535   1.216533e+24
0.0697674   1.034336e+24
0.0755814   8.897803e+23
0.0813954   7.702537e+23
0.0872093   6.747990e+23
0.0930233   5.945464e+23
0.0988372   5.276924e+23
0.1046512   4.700500e+23
0.1104651   4.214559e+23
0.1162791   3.809096e+23
0.122093   3.516935e+23
0.127907   3.192893e+23
0.1337209   2.863973e+23
0.1395349   2.646562e+23
0.1453488   2.509849e+23
0.1511628   2.232549e+23
0.1569767   2.082560e+23
0.1627907   1.859284e+23
0.1686047   1.736451e+23
0.1744186   1.685883e+23
0.1802326   1.412375e+23
0.1860465   1.537906e+23
0.1918605   1.416063e+23
0.1976744   9.845754e+22
0.2034884   1.477130e+23
0.2093023   1.125474e+23
0.2151163   1.074824e+23
0.2209302   1.029593e+23
0.2267442   1.167860e+23
0.2325581   1.035568e+23
0.2383721   9.174887e+22
0.244186   8.846743e+22
0.25   8.029009e+22
0.255814   8.017195e+22
0.2616279   7.734910e+22
0.2674419   6.835869e+22
0.2732558   6.437390e+22
0.2790698   7.331125e+22
0.2848837   5.795898e+22
0.2906977   6.178219e+22
0.2965116   5.756981e+22
0.3023256   4.202865e+22
0.3081395   5.633694e+22
0.3139535   5.133884e+22
0.3197674   4.800963e+22
0.3255814   4.983023e+22
0.3313954   4.467084e+22
0.3372093   4.791433e+22
0.3430233   4.232779e+22
0.3488372   4.196129e+22
0.3546512   3.806186e+22
0.3604651   3.905216e+22
0.3662791   3.843114e+22
0.372093   3.372902e+22
0.377907   3.401351e+22
0.3837209   3.380428e+22
0.3895349   3.501201e+22
0.3953488   3.291642e+22
0.4011628   3.129992e+22
0.4069767   3.183862e+22
0.4127907   2.844668e+22
0.4186046   2.872157e+22
0.4244186   2.673480e+22
0.4302326   2.920153e+22
0.4360465   2.546888e+22
0.4418605   2.949060e+22
0.4476744   2.459880e+22
0.4534884   2.610602e+22
0.4593023   2.387168e+22
0.4651163   2.412952e+22
0.4709302   2.408661e+22
0.4767442   2.226318e+22
0.4825581   2.173192e+22
0.4883721   2.031526e+22
0.494186   2.026911e+22
0.5   2.038088e+22
0.505814   2.000253e+22
0.5116279   1.943974e+22
0.5174419   1.937631e+22
0.5232558   1.852198e+22
0.5290698   1.862152e+22
0.5348837   1.862152e+22
0.5406977   1.711449e+22
0.5465117   1.617685e+22
0.5523256   1.715346e+22
0.5581396   1.607096e+22
0.5639535   1.607096e+22
0.5697674   1.491212e+22
0.5755814   1.491212e+22
0.5813953   1.478200e+22
0.5872093   1.431255e+22
0.5930232   1.465323e+22
0.5988372   1.411586e+22
0.6046512   1.362962e+22
0.6104651   1.271705e+22
0.6162791   1.265352e+22
0.622093   1.390339e+22
0.627907   1.297055e+22
0.6337209   1.243265e+22
0.6395349   1.243265e+22
0.6453488   1.247505e+22
0.6511628   1.175232e+22
0.6569768   1.116112e+22
0.6627907   1.013674e+22
0.6686047   1.013674e+22
0.6744186   1.073989e+22
0.6802326   1.047966e+22
0.6860465   1.176059e+22
0.6918604   1.004539e+22
0.6976744   1.001526e+22
0.7034883   1.001526e+22
0.7093023   9.803357e+21
0.7151163   9.556511e+21
0.7209302   8.361339e+21
0.7267442   8.361339e+21
0.7325581   9.520521e+21
0.7383721   9.179601e+21
0.744186   9.334896e+21
0.75   8.622182e+21
0.755814   8.622182e+21
0.7616279   8.322954e+21
0.7674419   8.454778e+21
0.7732558   8.454778e+21
0.7790698   7.927762e+21
0.7848837   7.927762e+21
0.7906977   7.978850e+21
0.7965117   7.593562e+21
0.8023256   8.092782e+21
0.8081396   7.363767e+21
0.8139535   7.363767e+21
0.8197674   6.882145e+21
0.8255814   6.930137e+21
0.8313953   6.930137e+21
0.8372093   6.873407e+21
0.8430232   6.873407e+21
0.8488372   6.764670e+21
0.8546512   6.764670e+21
0.8604651   6.366874e+21
0.8662791   6.353090e+21
0.872093   6.353090e+21
0.877907   6.312131e+21
0.8837209   6.312131e+21
0.8895349   6.138403e+21
0.8953488   6.022648e+21
0.9011628   6.022648e+21
0.9069768   5.876434e+21
0.9127907   5.876434e+21
0.9186047   5.816508e+21
0.9244186   5.592432e+21
0.9302326   5.592432e+21
0.9360465   5.401138e+21
0.9418604   5.401138e+21
0.9476744   5.384447e+21
0.9534883   5.279768e+21
0.9593023   5.279768e+21
0.9651163   5.102869e+21
0.9709302   5.102869e+21
0.9767442   5.102869e+21
0.9825581   4.894119e+21
0.9883721   4.894119e+21
0.994186   4.894119e+21
1   3.983058e+21
