0   677.3953
0.005814   764.4811
0.0116279   852.5854
0.0174419   933.8682
0.0232558   1001.819
0.0290698   1055.008
0.0348837   1096.241
0.0406977   1127.985
0.0465116   1152.693
0.0523256   1172.385
0.0581395   1185.576
0.0639535   1198.566
0.0697674   1209.001
0.0755814   1217.64
0.0813954   1224.997
0.0872093   1231.596
0.0930233   1237.25
0.0988372   1241.684
0.1046512   1245.414
0.1104651   1248.989
0.1162791   1252.421
0.122093   1255.122
0.127907   1256.942
0.1337209   1262.59
0.1395349   1263.741
0.1453488   1263.554
0.1511628   1268.894
0.1569767   1269.383
0.1627907   1265.203
0.1686047   1271.032
0.1744186   1270.473
0.1802326   1265.756
0.1860465   1271.254
0.1918605   1270.934
0.1976744   1282.135
0.2034884   1276.696
0.2093023   1277.319
0.2151163   1276.452
0.2209302   1281.285
0.2267442   1280.974
0.2325581   1289.347
0.2383721   1279.988
0.244186   1283.596
0.25   1282.546
0.255814   1280.928
0.2616279   1281.894
0.2674419   1278.07
0.2732558   1280.308
0.2790698   1282.414
0.2848837   1282.97
0.2906977   1280.479
0.2965116   1288.786
0.3023256   1283.641
0.3081395   1284.652
0.3139535   1283.748
0.3197674   1286.842
0.3255814   1284.592
0.3313954   1286.913
0.3372093   1284.872
0.3430233   1284.844
0.3488372   1287.208
0.3546512   1285.313
0.3604651   1287.289
0.3662791   1286.187
0.372093   1286.264
0.377907   1281.402
0.3837209   1285.938
0.3895349   1288.148
0.3953488   1286.875
0.4011628   1286.561
0.4069767   1286.427
0.4127907   1290.766
0.4186046   1287.86
0.4244186   1286.257
0.4302326   1291.924
0.4360465   1289.807
0.4418605   1288.826
0.4476744   1278.109
0.4534884   1289.497
0.4593023   1288.371
0.4651163   1289.21
0.4709302   1288.791
0.4767442   1291.304
0.4825581   1289.737
0.4883721   1290.41
0.494186   1289.226
0.5   1291.012
0.505814   1289.933
0.5116279   1289.834
0.5174419   1288.467
0.5232558   1290.811
0.5290698   1290.684
0.5348837   1290.684
0.5406977   1288.082
0.5465117   1289.617
0.5523256   1289.218
0.5581396   1289.692
0.5639535   1289.692
0.5697674   1289.917
0.5755814   1289.917
0.5813953   1290.851
0.5872093   1290.55
0.5930232   1292.074
0.5988372   1291.233
0.6046512   1294.725
0.6104651   1284.365
0.6162791   1293.466
0.622093   1294.445
0.627907   1286.561
0.6337209   1291.058
0.6395349   1291.058
0.6453488   1291.349
0.6511628   1295.049
0.6569768   1288.794
0.6627907   1292.841
0.6686047   1292.841
0.6744186   1293.412
0.6802326   1290.468
0.6860465   1292.135
0.6918604   1290.363
0.6976744   1292.327
0.7034883   1292.327
0.7093023   1290.687
0.7151163   1293.338
0.7209302   1295.219
0.7267442   1295.219
0.7325581   1291.242
0.7383721   1291.345
0.744186   1294.422
0.75   1295.276
0.755814   1295.276
0.7616279   1293.556
0.7674419   1292.015
0.7732558   1292.015
0.7790698   1292.197
0.7848837   1292.197
0.7906977   1292.922
0.7965117   1291.976
0.8023256   1294.805
0.8081396   1292.455
0.8139535   1292.455
0.8197674   1292.786
0.8255814   1291.606
0.8313953   1291.606
0.8372093   1292.812
0.8430232   1292.812
0.8488372   1292.302
0.8546512   1292.302
0.8604651   1291.708
0.8662791   1292.85
0.872093   1292.85
0.877907   1292.131
0.8837209   1292.131
0.8895349   1293.535
0.8953488   1293.302
0.9011628   1293.302
0.9069768   1292.505
0.9127907   1292.505
0.9186047   1294.017
0.9244186   1292.309
0.9302326   1292.309
0.9360465   1291.894
0.9418604   1291.894
0.9476744   1293.48
0.9534883   1292.877
0.9593023   1292.877
0.9651163   1292.926
0.9709302   1292.926
0.9767442   1292.926
0.9825581   1293.46
0.9883721   1293.46
0.994186   1293.46
1   1292.237
