0   120.0057
0.005814   108.2465
0.0116279   94.53077
0.0174419   80.49829
0.0232558   67.56586
0.0290698   56.69261
0.0348837   47.85844
0.0406977   40.7365
0.0465116   35.09773
0.0523256   30.52285
0.0581395   27.43636
0.0639535   24.33047
0.0697674   21.77065
0.0755814   19.61651
0.0813954   17.81219
0.0872093   16.2979
0.0930233   14.99498
0.0988372   13.86151
0.1046512   12.84834
0.1104651   11.99561
0.1162791   11.21612
0.122093   10.64611
0.127907   10.01505
0.1337209   9.659614
0.1395349   9.139799
0.1453488   8.466892
0.1511628   8.288933
0.1569767   7.88629
0.1627907   7.323117
0.1686047   7.197077
0.1744186   6.82026
0.1802326   6.625521
0.1860465   6.268453
0.1918605   6.025056
0.1976744   6.362125
0.2034884   5.759785
0.2093023   5.666987
0.2151163   5.517402
0.2209302   5.241722
0.2267442   5.037032
0.2325581   5.11408
0.2383721   4.72507
0.244186   4.753472
0.25   4.541967
0.255814   4.362814
0.2616279   4.325045
0.2674419   4.100059
0.2732558   4.227237
0.2790698   3.962431
0.2848837   3.992631
0.2906977   3.845161
0.2965116   3.970185
0.3023256   3.537302
0.3081395   3.59899
0.3139535   3.541525
0.3197674   3.491251
0.3255814   3.362637
0.3313954   3.460793
0.3372093   3.103705
0.3430233   3.249988
0.3488372   3.032109
0.3546512   3.194024
0.3604651   3.030833
0.3662791   3.013662
0.372093   3.092155
0.377907   2.943424
0.3837209   2.848373
0.3895349   2.778868
0.3953488   2.839423
0.4011628   2.71701
0.4069767   2.709266
0.4127907   2.717023
0.4186046   2.648444
0.4244186   2.671997
0.4302326   2.499124
0.4360465   2.683371
0.4418605   2.50326
0.4476744   2.453312
0.4534884   2.429854
0.4593023   2.414896
0.4651163   2.32133
0.4709302   2.349117
0.4767442   2.344485
0.4825581   2.284954
0.4883721   2.342499
0.494186   2.274041
0.5   2.250538
0.505814   2.233894
0.5116279   2.175996
0.5174419   2.158623
0.5232558   2.145274
0.5290698   2.092105
0.5348837   2.092105
0.5406977   2.152866
0.5465117   2.089602
0.5523256   2.029187
0.5581396   2.044925
0.5639535   2.044925
0.5697674   2.011648
0.5755814   2.011648
0.5813953   1.959474
0.5872093   1.963974
0.5930232   1.958287
0.5988372   1.942397
0.6046512   1.893287
0.6104651   1.893015
0.6162791   1.897536
0.622093   1.797859
0.627907   1.758787
0.6337209   1.831065
0.6395349   1.831065
0.6453488   1.755102
0.6511628   1.87162
0.6569768   1.817135
0.6627907   1.864686
0.6686047   1.864686
0.6744186   1.787104
0.6802326   1.718027
0.6860465   1.703744
0.6918604   1.719788
0.6976744   1.79804
0.7034883   1.79804
0.7093023   1.727345
0.7151163   1.685645
0.7209302   1.718026
0.7267442   1.718026
0.7325581   1.59771
0.7383721   1.645354
0.744186   1.634111
0.75   1.624361
0.755814   1.624361
0.7616279   1.62324
0.7674419   1.580842
0.7732558   1.580842
0.7790698   1.60598
0.7848837   1.60598
0.7906977   1.562494
0.7965117   1.559166
0.8023256   1.538451
0.8081396   1.524947
0.8139535   1.524947
0.8197674   1.620725
0.8255814   1.564942
0.8313953   1.564942
0.8372093   1.495096
0.8430232   1.495096
0.8488372   1.491519
0.8546512   1.491519
0.8604651   1.493704
0.8662791   1.456921
0.872093   1.456921
0.877907   1.4712
0.8837209   1.4712
0.8895349   1.455273
0.8953488   1.435871
0.9011628   1.435871
0.9069768   1.436278
0.9127907   1.436278
0.9186047   1.428696
0.9244186   1.412707
0.9302326   1.412707
0.9360465   1.402072
0.9418604   1.402072
0.9476744   1.41234
0.9534883   1.38786
0.9593023   1.38786
0.9651163   1.377824
0.9709302   1.377824
0.9767442   1.377824
0.9825581   1.389927
0.9883721   1.389927
0.994186   1.389927
1   1.370181
