0   118.2197
0.005814   106.4416
0.0116279   92.80938
0.0174419   78.84573
0.0232558   66.09923
0.0290698   55.39629
0.0348837   46.70208
0.0406977   39.75324
0.0465116   34.26174
0.0523256   29.82589
0.0581395   26.86634
0.0639535   23.89503
0.0697674   21.43804
0.0755814   19.44507
0.0813954   17.75785
0.0872093   16.37948
0.0930233   15.16106
0.0988372   14.09863
0.1046512   13.15547
0.1104651   12.39001
0.1162791   11.66397
0.122093   11.14869
0.127907   10.63744
0.1337209   10.60922
0.1395349   10.12248
0.1453488   9.16984
0.1511628   9.411912
0.1569767   9.006004
0.1627907   8.221907
0.1686047   8.346831
0.1744186   7.866947
0.1802326   7.8621
0.1860465   7.228265
0.1918605   7.078204
0.1976744   8.368654
0.2034884   6.921674
0.2093023   7.102627
0.2151163   6.988611
0.2209302   6.680727
0.2267442   6.337655
0.2325581   6.743132
0.2383721   5.983065
0.244186   6.37901
0.25   6.06459
0.255814   5.652781
0.2616279   5.749694
0.2674419   5.399918
0.2732558   5.852549
0.2790698   5.362959
0.2848837   5.581911
0.2906977   5.311796
0.2965116   5.838378
0.3023256   4.681857
0.3081395   5.054647
0.3139535   5.054314
0.3197674   5.002481
0.3255814   4.749487
0.3313954   5.113729
0.3372093   4.27083
0.3430233   4.828868
0.3488372   4.247282
0.3546512   4.799761
0.3604651   4.456603
0.3662791   4.44581
0.372093   4.748651
0.377907   4.479422
0.3837209   4.262488
0.3895349   4.147363
0.3953488   4.37802
0.4011628   4.130215
0.4069767   4.198484
0.4127907   4.296109
0.4186046   4.152073
0.4244186   4.28191
0.4302326   3.815124
0.4360465   4.43465
0.4418605   3.954615
0.4476744   3.899513
0.4534884   3.911806
0.4593023   3.886016
0.4651163   3.693985
0.4709302   3.844014
0.4767442   3.870542
0.4825581   3.767708
0.4883721   3.944173
0.494186   3.789144
0.5   3.797448
0.505814   3.75767
0.5116279   3.651331
0.5174419   3.636053
0.5232558   3.621722
0.5290698   3.526518
0.5348837   3.526518
0.5406977   3.750806
0.5465117   3.63368
0.5523256   3.478015
0.5581396   3.590278
0.5639535   3.590278
0.5697674   3.544056
0.5755814   3.544056
0.5813953   3.44337
0.5872093   3.490568
0.5930232   3.520066
0.5988372   3.482213
0.6046512   3.370936
0.6104651   3.405387
0.6162791   3.422978
0.622093   3.163957
0.627907   3.111026
0.6337209   3.35855
0.6395349   3.35855
0.6453488   3.160341
0.6511628   3.509004
0.6569768   3.389628
0.6627907   3.548073
0.6686047   3.548073
0.6744186   3.342844
0.6802326   3.166318
0.6860465   3.15327
0.6918604   3.228049
0.6976744   3.49162
0.7034883   3.49162
0.7093023   3.314004
0.7151163   3.197474
0.7209302   3.342289
0.7267442   3.342289
0.7325581   3.006515
0.7383721   3.165074
0.744186   3.154416
0.75   3.153599
0.755814   3.153599
0.7616279   3.19323
0.7674419   3.103667
0.7732558   3.103667
0.7790698   3.202637
0.7848837   3.202637
0.7906977   3.109345
0.7965117   3.076955
0.8023256   3.029362
0.8081396   3.015366
0.8139535   3.015366
0.8197674   3.326303
0.8255814   3.179971
0.8313953   3.179971
0.8372093   2.994321
0.8430232   2.994321
0.8488372   3.010718
0.8546512   3.010718
0.8604651   3.031643
0.8662791   2.948038
0.872093   2.948038
0.877907   3.015224
0.8837209   3.015224
0.8895349   2.985473
0.8953488   2.946486
0.9011628   2.946486
0.9069768   2.967979
0.9127907   2.967979
0.9186047   2.959282
0.9244186   2.937573
0.9302326   2.937573
0.9360465   2.920181
0.9418604   2.920181
0.9476744   2.966687
0.9534883   2.912794
0.9593023   2.912794
0.9651163   2.898644
0.9709302   2.898644
0.9767442   2.898644
0.9825581   2.968793
0.9883721   2.968793
0.994186   2.968793
1   2.918339
