0   120.925
0.005814   109.2086
0.0116279   95.53074
0.0174419   81.53622
0.0232558   68.55251
0.0290698   57.66948
0.0348837   48.74184
0.0406977   41.52216
0.0465116   35.73643
0.0523256   31.07794
0.0581395   27.89973
0.0639535   24.67091
0.0697674   22.0519
0.0755814   19.77686
0.0813954   17.89253
0.0872093   16.29619
0.0930233   14.96426
0.0988372   13.78562
0.1046512   12.70945
0.1104651   11.84878
0.1162791   10.99662
0.122093   10.40969
0.127907   9.698598
0.1337209   9.165271
0.1395349   8.663106
0.1453488   8.139503
0.1511628   7.759704
0.1569767   7.338665
0.1627907   6.917517
0.1686047   6.646149
0.1744186   6.320914
0.1802326   5.983656
0.1860465   5.787078
0.1918605   5.487375
0.1976744   5.375421
0.2034884   5.173636
0.2093023   4.965211
0.2151163   4.818875
0.2209302   4.553989
0.2267442   4.409808
0.2325581   4.285018
0.2383721   4.101605
0.244186   3.951845
0.25   3.793814
0.255814   3.730758
0.2616279   3.629146
0.2674419   3.485882
0.2732558   3.431066
0.2790698   3.239523
0.2848837   3.211946
0.2906977   3.115162
0.2965116   3.06461
0.3023256   2.993915
0.3081395   2.865362
0.3139535   2.774258
0.3197674   2.738089
0.3255814   2.666292
0.3313954   2.650378
0.3372093   2.534138
0.3430233   2.469776
0.3488372   2.438762
0.3546512   2.403231
0.3604651   2.322053
0.3662791   2.304198
0.372093   2.276869
0.377907   2.19429
0.3837209   2.16731
0.3895349   2.095008
0.3953488   2.085478
0.4011628   2.018205
0.4069767   1.969091
0.4127907   1.926334
0.4186046   1.898419
0.4244186   1.865647
0.4302326   1.83898
0.4360465   1.812959
0.4418605   1.785155
0.4476744   1.745528
0.4534884   1.690968
0.4593023   1.678494
0.4651163   1.627291
0.4709302   1.601268
0.4767442   1.587974
0.4825581   1.543945
0.4883721   1.554433
0.494186   1.521623
0.5   1.476777
0.505814   1.477976
0.5116279   1.446633
0.5174419   1.421946
0.5232558   1.408036
0.5290698   1.378133
0.5348837   1.378133
0.5406977   1.365359
0.5465117   1.322701
0.5523256   1.308128
0.5581396   1.280494
0.5639535   1.280494
0.5697674   1.251943
0.5755814   1.251943
0.5813953   1.221677
0.5872093   1.206369
0.5930232   1.181365
0.5988372   1.183063
0.6046512   1.160715
0.6104651   1.143974
0.6162791   1.142303
0.622093   1.123523
0.627907   1.0781
0.6337209   1.064622
0.6395349   1.064622
0.6453488   1.054043
0.6511628   1.062599
0.6569768   1.041097
0.6627907   1.039133
0.6686047   1.039133
0.6744186   1.01794
0.6802326   0.9994566
0.6860465   0.9848201
0.6918604   0.9735674
0.6976744   0.9616407
0.7034883   0.9616407
0.7093023   0.9412142
0.7151163   0.936806
0.7209302   0.9066001
0.7267442   0.9066001
0.7325581   0.8960966
0.7383721   0.8898792
0.744186   0.8765786
0.75   0.8626411
0.755814   0.8626411
0.7616279   0.8415886
0.7674419   0.8165447
0.7732558   0.8165447
0.7790698   0.8067472
0.7848837   0.8067472
0.7906977   0.7843645
0.7965117   0.8076613
0.8023256   0.7968124
0.8081396   0.7822158
0.8139535   0.7822158
0.8197674   0.7725097
0.8255814   0.7630877
0.8313953   0.7630877
0.8372093   0.7504696
0.8430232   0.7504696
0.8488372   0.7337975
0.8546512   0.7337975
0.8604651   0.7310241
0.8662791   0.7149512
0.872093   0.7149512
0.877907   0.7042527
0.8837209   0.7042527
0.8895349   0.6938989
0.8953488   0.6832376
0.9011628   0.6832376
0.9069768   0.6734141
0.9127907   0.6734141
0.9186047   0.6679544
0.9244186   0.6550395
0.9302326   0.6550395
0.9360465   0.6468192
0.9418604   0.6468192
0.9476744   0.6406488
0.9534883   0.627874
0.9593023   0.627874
0.9651163   0.6203408
0.9709302   0.6203408
0.9767442   0.6203408
0.9825581   0.6029535
0.9883721   0.6029535
0.994186   0.6029535
1   0.6036357
