0   120.8724
0.005814   109.0894
0.0116279   95.25218
0.0174419   81.11292
0.0232558   68.04582
0.0290698   57.01202
0.0348837   48.13144
0.0406977   40.93412
0.0465116   35.29503
0.0523256   30.66474
0.0581395   27.54299
0.0639535   24.42549
0.0697674   21.82202
0.0755814   19.62763
0.0813954   17.78619
0.0872093   16.21801
0.0930233   14.85962
0.0988372   13.7003
0.1046512   12.68012
0.1104651   11.748
0.1162791   10.98779
0.122093   10.37998
0.127907   9.70914
0.1337209   9.204344
0.1395349   8.633842
0.1453488   8.09135
0.1511628   7.695172
0.1569767   7.3142
0.1627907   6.829945
0.1686047   6.598275
0.1744186   6.272925
0.1802326   6.030831
0.1860465   5.789975
0.1918605   5.509572
0.1976744   5.342292
0.2034884   5.184063
0.2093023   4.933127
0.2151163   4.744719
0.2209302   4.490426
0.2267442   4.363624
0.2325581   4.314087
0.2383721   4.090564
0.244186   3.929561
0.25   3.767469
0.255814   3.704893
0.2616279   3.596317
0.2674419   3.414344
0.2732558   3.398108
0.2790698   3.284813
0.2848837   3.184016
0.2906977   3.108499
0.2965116   3.007595
0.3023256   2.936091
0.3081395   2.876979
0.3139535   2.796022
0.3197674   2.733175
0.3255814   2.672074
0.3313954   2.618228
0.3372093   2.506122
0.3430233   2.451308
0.3488372   2.410296
0.3546512   2.379072
0.3604651   2.313814
0.3662791   2.290965
0.372093   2.250936
0.377907   2.156564
0.3837209   2.115345
0.3895349   2.094258
0.3953488   2.054773
0.4011628   2.002628
0.4069767   1.960217
0.4127907   1.928625
0.4186046   1.894817
0.4244186   1.868399
0.4302326   1.843244
0.4360465   1.802494
0.4418605   1.769997
0.4476744   1.714899
0.4534884   1.686749
0.4593023   1.680145
0.4651163   1.642733
0.4709302   1.602084
0.4767442   1.574958
0.4825581   1.543211
0.4883721   1.528919
0.494186   1.511364
0.5   1.477351
0.505814   1.466008
0.5116279   1.430009
0.5174419   1.417844
0.5232558   1.406061
0.5290698   1.37169
0.5348837   1.37169
0.5406977   1.342436
0.5465117   1.312411
0.5523256   1.301429
0.5581396   1.263963
0.5639535   1.263963
0.5697674   1.238974
0.5755814   1.238974
0.5813953   1.213354
0.5872093   1.194993
0.5930232   1.173441
0.5988372   1.161916
0.6046512   1.148183
0.6104651   1.129683
0.6162791   1.127301
0.622093   1.106123
0.627907   1.087257
0.6337209   1.070045
0.6395349   1.070045
0.6453488   1.050897
0.6511628   1.043228
0.6569768   1.020702
0.6627907   1.006866
0.6686047   1.006866
0.6744186   1.000509
0.6802326   0.9882839
0.6860465   0.9731421
0.6918604   0.9577326
0.6976744   0.9408747
0.7034883   0.9408747
0.7093023   0.9268004
0.7151163   0.922675
0.7209302   0.9051569
0.7267442   0.9051569
0.7325581   0.8904944
0.7383721   0.8810866
0.744186   0.8713194
0.75   0.856855
0.755814   0.856855
0.7616279   0.8348747
0.7674419   0.8223225
0.7732558   0.8223225
0.7790698   0.8085734
0.7848837   0.8085734
0.7906977   0.7937754
0.7965117   0.7928567
0.8023256   0.7891586
0.8081396   0.7772813
0.8139535   0.7772813
0.8197674   0.7633741
0.8255814   0.7517724
0.8313953   0.7517724
0.8372093   0.7404748
0.8430232   0.7404748
0.8488372   0.7300109
0.8546512   0.7300109
0.8604651   0.7184284
0.8662791   0.7077552
0.872093   0.7077552
0.877907   0.6941128
0.8837209   0.6941128
0.8895349   0.6864559
0.8953488   0.677916
0.9011628   0.677916
0.9069768   0.6674302
0.9127907   0.6674302
0.9186047   0.6588707
0.9244186   0.6455086
0.9302326   0.6455086
0.9360465   0.6392169
0.9418604   0.6392169
0.9476744   0.6296684
0.9534883   0.622899
0.9593023   0.622899
0.9651163   0.6144971
0.9709302   0.6144971
0.9767442   0.6144971
0.9825581   0.5980227
0.9883721   0.5980227
0.994186   0.5980227
1   0.5885751
