0   2.638126e-7
0.005814   3.046331e-7
0.0116279   3.649440e-7
0.0174419   4.514965e-7
0.0232558   5.650869e-7
0.0290698   7.077431e-7
0.0348837   8.778373e-7
0.0406977   1.071742e-6
0.0465116   1.293522e-6
0.0523256   1.541065e-6
0.0581395   1.766574e-6
0.0639535   2.060578e-6
0.0697674   2.375212e-6
0.0755814   2.718807e-6
0.0813954   3.081554e-6
0.0872093   3.471051e-6
0.0930233   3.869464e-6
0.0988372   4.296550e-6
0.1046512   4.743439e-6
0.1104651   5.365717e-6
0.1162791   5.669560e-6
0.122093   6.055268e-6
0.127907   6.572786e-6
0.1337209   7.233373e-6
0.1395349   7.992750e-6
0.1453488   8.498544e-6
0.1511628   9.020584e-6
0.1569767   9.245695e-6
0.1627907   9.828892e-6
0.1686047   9.747253e-6
0.1744186   0.0000102
0.1802326   0.0000112
0.1860465   0.0000137
0.1918605   0.0000118
0.1976744   0.0000152
0.2034884   0.0000145
0.2093023   0.0000135
0.2151163   0.0000138
0.2209302   0.0000141
0.2267442   0.000019
0.2325581   0.0000191
0.2383721   0.000017
0.244186   0.0000196
0.25   0.0000185
0.255814   0.0000216
0.2616279   0.0000224
0.2674419   0.000022
0.2732558   0.0000251
0.2790698   0.0000228
0.2848837   0.0000241
0.2906977   0.0000238
0.2965116   0.000027
0.3023256   0.0000267
0.3081395   0.000029
0.3139535   0.0000268
0.3197674   0.0000273
0.3255814   0.0000229
0.3313954   0.0000239
0.3372093   0.0000354
0.3430233   0.000031
0.3488372   0.000025
0.3546512   0.0000327
0.3604651   0.0000317
0.3662791   0.000035
0.372093   0.0000378
0.377907   0.0000368
0.3837209   0.0000357
0.3895349   0.0000358
0.3953488   0.0000386
0.4011628   0.0000373
0.4069767   0.0000373
0.4127907   0.0000446
0.4186046   0.0000476
0.4244186   0.0000422
0.4302326   0.0000459
0.4360465   0.0000496
0.4418605   0.0000496
0.4476744   0.000047
0.4534884   0.0000518
0.4593023   0.0000565
0.4651163   0.0000443
0.4709302   0.000056
0.4767442   0.0000614
0.4825581   0.0000652
0.4883721   0.0000596
0.494186   0.0000632
0.5   0.0000629
0.505814   0.0000505
0.5116279   0.0000769
0.5174419   0.000065
0.5232558   0.0000706
0.5290698   0.0000558
0.5348837   0.0000723
0.5406977   0.0000976
0.5465117   0.0000603
0.5523256   0.0000712
0.5581396   0.0000742
0.5639535   0.0000851
0.5697674   0.0000909
0.5755814   0.0000958
0.5813953   0.0000723
0.5872093   0.0000723
0.5930232   0.0000735
0.5988372   0.0000735
0.6046512   0.0000828
0.6104651   0.0001063
0.6162791   0.0000836
0.622093   0.0001189
0.627907   0.0000966
0.6337209   0.0001096
0.6395349   0.0001231
0.6453488   0.0000971
0.6511628   0.0001157
0.6569768   0.0001048
0.6627907   0.0001048
0.6686047   0.0001259
0.6744186   0.0001219
0.6802326   0.0001254
0.6860465   0.0001254
0.6918604   0.0001321
0.6976744   0.0001436
0.7034883   0.0001302
0.7093023   0.0001302
0.7151163   0.0001294
0.7209302   0.0001336
0.7267442   0.0001336
0.7325581   0.0001493
0.7383721   0.0001484
0.744186   0.0001731
0.75   0.0001638
0.755814   0.0001638
0.7616279   0.0001827
0.7674419   0.0001827
0.7732558   0.0001443
0.7790698   0.0001776
0.7848837   0.0001792
0.7906977   0.0001682
0.7965117   0.000197
0.8023256   0.000197
0.8081396   0.0001866
0.8139535   0.0001866
0.8197674   0.0002132
0.8255814   0.0002132
0.8313953   0.000159
0.8372093   0.0002202
0.8430232   0.0002202
0.8488372   0.0001905
0.8546512   0.0002185
0.8604651   0.0002001
0.8662791   0.0002289
0.872093   0.0002289
0.877907   0.0002148
0.8837209   0.0002148
0.8895349   0.0002443
0.8953488   0.0002371
0.9011628   0.0002371
0.9069768   0.0002581
0.9127907   0.0002581
0.9186047   0.0002533
0.9244186   0.0002685
0.9302326   0.0002685
0.9360465   0.0002635
0.9418604   0.0002635
0.9476744   0.0002529
0.9534883   0.0002773
0.9593023   0.0002773
0.9651163   0.0002589
0.9709302   0.0002589
0.9767442   0.0003079
0.9825581   0.0003079
0.9883721   0.0002634
0.994186   0.0003382
1   0.0003382
