0   1.146921e+25
0.005814   9.779620e+24
0.0116279   7.980964e+24
0.0174419   6.288972e+24
0.0232558   4.879547e+24
0.0290698   3.785675e+24
0.0348837   2.968451e+24
0.0406977   2.361564e+24
0.0465116   1.911267e+24
0.0523256   1.566756e+24
0.0581395   1.344137e+24
0.0639535   1.128123e+24
0.0697674   9.574490e+23
0.0755814   8.231638e+23
0.0813954   7.132387e+23
0.0872093   6.225316e+23
0.0930233   5.483036e+23
0.0988372   4.857000e+23
0.1046512   4.351155e+23
0.1104651   3.858468e+23
0.1162791   3.522226e+23
0.122093   3.253495e+23
0.127907   2.944349e+23
0.1337209   2.660802e+23
0.1395349   2.542204e+23
0.1453488   2.367326e+23
0.1511628   2.040478e+23
0.1569767   1.940445e+23
0.1627907   1.797746e+23
0.1686047   1.738987e+23
0.1744186   1.637470e+23
0.1802326   1.481243e+23
0.1860465   1.362033e+23
0.1918605   1.357184e+23
0.1976744   1.148398e+23
0.2034884   1.181761e+23
0.2093023   1.096343e+23
0.2151163   1.046568e+23
0.2209302   9.910477e+22
0.2267442   8.630493e+22
0.2325581   8.730903e+22
0.2383721   8.556656e+22
0.244186   8.178149e+22
0.25   6.715932e+22
0.255814   7.324441e+22
0.2616279   7.079028e+22
0.2674419   6.540862e+22
0.2732558   6.243232e+22
0.2790698   6.401322e+22
0.2848837   5.822091e+22
0.2906977   5.583417e+22
0.2965116   5.303113e+22
0.3023256   5.274692e+22
0.3081395   5.185778e+22
0.3139535   5.247389e+22
0.3197674   4.861045e+22
0.3255814   4.038148e+22
0.3313954   4.523834e+22
0.3372093   4.211014e+22
0.3430233   3.644936e+22
0.3488372   4.323671e+22
0.3546512   3.764451e+22
0.3604651   3.570811e+22
0.3662791   3.695001e+22
0.372093   3.338620e+22
0.377907   3.427480e+22
0.3837209   3.169741e+22
0.3895349   3.131583e+22
0.3953488   3.144606e+22
0.4011628   3.027131e+22
0.4069767   2.880709e+22
0.4127907   2.826739e+22
0.4186046   2.656726e+22
0.4244186   2.656756e+22
0.4302326   2.517444e+22
0.4360465   2.323240e+22
0.4418605   2.323240e+22
0.4476744   2.269501e+22
0.4534884   2.356230e+22
0.4593023   2.239310e+22
0.4651163   2.140607e+22
0.4709302   2.154008e+22
0.4767442   2.004617e+22
0.4825581   2.008990e+22
0.4883721   1.957436e+22
0.494186   1.847728e+22
0.5   1.879454e+22
0.505814   1.780065e+22
0.5116279   1.830813e+22
0.5174419   1.654979e+22
0.5232558   1.765399e+22
0.5290698   1.639357e+22
0.5348837   1.708045e+22
0.5406977   1.578785e+22
0.5465117   1.484743e+22
0.5523256   1.626656e+22
0.5581396   1.455644e+22
0.5639535   1.436360e+22
0.5697674   1.505054e+22
0.5755814   1.405312e+22
0.5813953   1.268669e+22
0.5872093   1.268669e+22
0.5930232   1.482364e+22
0.5988372   1.482364e+22
0.6046512   1.216668e+22
0.6104651   1.246179e+22
0.6162791   1.231799e+22
0.622093   1.232482e+22
0.627907   1.151325e+22
0.6337209   1.168444e+22
0.6395349   1.168255e+22
0.6453488   1.149515e+22
0.6511628   1.033313e+22
0.6569768   1.053823e+22
0.6627907   1.053823e+22
0.6686047   9.887789e+21
0.6744186   1.030581e+22
0.6802326   9.711879e+21
0.6860465   9.711879e+21
0.6918604   9.642540e+21
0.6976744   9.307276e+21
0.7034883   9.270043e+21
0.7093023   9.270043e+21
0.7151163   8.960840e+21
0.7209302   8.475506e+21
0.7267442   8.475506e+21
0.7325581   8.755008e+21
0.7383721   8.185935e+21
0.744186   8.983426e+21
0.75   7.861152e+21
0.755814   7.861152e+21
0.7616279   7.667350e+21
0.7674419   7.667350e+21
0.7732558   7.556501e+21
0.7790698   7.663647e+21
0.7848837   7.496210e+21
0.7906977   6.972927e+21
0.7965117   7.120975e+21
0.8023256   7.120975e+21
0.8081396   6.947883e+21
0.8139535   6.947883e+21
0.8197674   6.784858e+21
0.8255814   6.784858e+21
0.8313953   6.601008e+21
0.8372093   6.641129e+21
0.8430232   6.641129e+21
0.8488372   6.176953e+21
0.8546512   6.199521e+21
0.8604651   6.128964e+21
0.8662791   6.147604e+21
0.872093   6.147604e+21
0.877907   6.210488e+21
0.8837209   6.210488e+21
0.8895349   5.640356e+21
0.8953488   5.566300e+21
0.9011628   5.566300e+21
0.9069768   5.528623e+21
0.9127907   5.528623e+21
0.9186047   5.065332e+21
0.9244186   5.204853e+21
0.9302326   5.204853e+21
0.9360465   5.203331e+21
0.9418604   5.203331e+21
0.9476744   4.963629e+21
0.9534883   4.879590e+21
0.9593023   4.879590e+21
0.9651163   4.890865e+21
0.9709302   4.890865e+21
0.9767442   4.685563e+21
0.9825581   4.685563e+21
0.9883721   4.634384e+21
0.994186   4.576914e+21
1   4.576914e+21
