0   77.46394
0.005814   69.83575
0.0116279   60.92805
0.0174419   51.81935
0.0232558   43.54818
0.0290698   36.51869
0.0348837   30.86523
0.0406977   26.31444
0.0465116   22.68981
0.0523256   19.76246
0.0581395   17.77174
0.0639535   15.75739
0.0697674   14.08262
0.0755814   12.71822
0.0813954   11.5651
0.0872093   10.58423
0.0930233   9.732089
0.0988372   8.987576
0.1046512   8.362262
0.1104651   7.848053
0.1162791   7.274562
0.122093   6.891222
0.127907   6.43503
0.1337209   6.243811
0.1395349   5.607864
0.1453488   5.317576
0.1511628   5.391104
0.1569767   4.925798
0.1627907   4.867817
0.1686047   4.389143
0.1744186   4.289093
0.1802326   4.255693
0.1860465   4.179468
0.1918605   3.911407
0.1976744   3.949326
0.2034884   3.68176
0.2093023   3.65777
0.2151163   3.479919
0.2209302   3.429072
0.2267442   3.355044
0.2325581   3.173413
0.2383721   3.085583
0.244186   3.049137
0.25   3.067492
0.255814   2.808261
0.2616279   2.805941
0.2674419   2.776199
0.2732558   2.637496
0.2790698   2.510581
0.2848837   2.544908
0.2906977   2.424099
0.2965116   2.456123
0.3023256   2.32012
0.3081395   2.271461
0.3139535   2.162851
0.3197674   2.185903
0.3255814   2.201205
0.3313954   2.152834
0.3372093   2.077784
0.3430233   2.141422
0.3488372   2.081584
0.3546512   2.004642
0.3604651   1.961106
0.3662791   1.9247
0.372093   1.962866
0.377907   1.839553
0.3837209   1.829519
0.3895349   1.834332
0.3953488   1.781521
0.4011628   1.759546
0.4069767   1.703564
0.4127907   1.718451
0.4186046   1.719865
0.4244186   1.659955
0.4302326   1.673482
0.4360465   1.656885
0.4418605   1.656885
0.4476744   1.611637
0.4534884   1.588979
0.4593023   1.556447
0.4651163   1.538336
0.4709302   1.50607
0.4767442   1.523634
0.4825581   1.48506
0.4883721   1.474357
0.494186   1.460116
0.5   1.440405
0.505814   1.462902
0.5116279   1.379753
0.5174419   1.438131
0.5232558   1.366895
0.5290698   1.357376
0.5348837   1.322
0.5406977   1.328626
0.5465117   1.311595
0.5523256   1.332557
0.5581396   1.345751
0.5639535   1.314677
0.5697674   1.258901
0.5755814   1.269592
0.5813953   1.285758
0.5872093   1.285758
0.5930232   1.25312
0.5988372   1.25312
0.6046512   1.204985
0.6104651   1.258369
0.6162791   1.184422
0.622093   1.246986
0.627907   1.196487
0.6337209   1.173482
0.6395349   1.193797
0.6453488   1.149544
0.6511628   1.19146
0.6569768   1.178169
0.6627907   1.178169
0.6686047   1.167116
0.6744186   1.141734
0.6802326   1.135598
0.6860465   1.135598
0.6918604   1.122232
0.6976744   1.088245
0.7034883   1.088369
0.7093023   1.088369
0.7151163   1.077663
0.7209302   1.106349
0.7267442   1.106349
0.7325581   1.056694
0.7383721   1.051342
0.744186   1.04511
0.75   1.056868
0.755814   1.056868
0.7616279   1.031073
0.7674419   1.031073
0.7732558   1.023306
0.7790698   1.028712
0.7848837   1.038869
0.7906977   1.025251
0.7965117   1.004976
0.8023256   1.004976
0.8081396   1.002404
0.8139535   1.002404
0.8197674   0.9774435
0.8255814   0.9774435
0.8313953   0.9670714
0.8372093   0.9672776
0.8430232   0.9672776
0.8488372   0.9804499
0.8546512   0.9799165
0.8604651   0.9647762
0.8662791   0.9339439
0.872093   0.9339439
0.877907   0.9430361
0.8837209   0.9430361
0.8895349   0.934378
0.8953488   0.9303347
0.9011628   0.9303347
0.9069768   0.9256115
0.9127907   0.9256115
0.9186047   0.9403884
0.9244186   0.9136302
0.9302326   0.9136302
0.9360465   0.8993702
0.9418604   0.8993702
0.9476744   0.9130757
0.9534883   0.9023029
0.9593023   0.9023029
0.9651163   0.8846331
0.9709302   0.8846331
0.9767442   0.8860297
0.9825581   0.8860297
0.9883721   0.8852735
0.994186   0.8777636
1   0.8777636
