0   1.064396
0.005814   1.275255
0.0116279   1.533866
0.0174419   1.820389
0.0232558   2.13674
0.0290698   2.475673
0.0348837   2.761584
0.0406977   3.04597
0.0465116   3.35366
0.0523256   3.663465
0.0581395   3.921479
0.0639535   4.205091
0.0697674   4.453446
0.0755814   4.719439
0.0813954   4.895235
0.0872093   5.199818
0.0930233   5.447421
0.0988372   5.635945
0.1046512   5.797451
0.1104651   6.01423
0.1162791   6.291258
0.122093   6.500036
0.127907   6.592193
0.1337209   6.751318
0.1395349   7.00525
0.1453488   7.269334
0.1511628   7.29408
0.1569767   7.555621
0.1627907   7.631134
0.1686047   7.793062
0.1744186   7.798487
0.1802326   7.984003
0.1860465   8.272988
0.1918605   8.443636
0.1976744   8.528183
0.2034884   8.77929
0.2093023   8.960739
0.2151163   9.022185
0.2209302   9.141697
0.2267442   9.27841
0.2325581   9.492343
0.2383721   9.568421
0.244186   9.671885
0.25   9.775366
0.255814   9.917983
0.2616279   9.903271
0.2674419   10.20706
0.2732558   10.24739
0.2790698   10.38563
0.2848837   10.38563
0.2906977   10.75627
0.2965116   10.46631
0.3023256   10.75571
0.3081395   10.9682
0.3139535   11.43121
0.3197674   11.43121
0.3255814   11.11823
0.3313954   11.11823
0.3372093   11.47546
0.3430233   11.31484
0.3488372   11.18051
0.3546512   11.97037
0.3604651   11.86974
0.3662791   11.74008
0.372093   11.74008
0.377907   11.67978
0.3837209   11.7512
0.3895349   11.98648
0.3953488   12.06414
0.4011628   12.06414
0.4069767   12.26014
0.4127907   12.13911
0.4186046   12.13911
0.4244186   12.37238
0.4302326   12.37238
0.4360465   12.40241
0.4418605   12.52808
0.4476744   12.52808
0.4534884   12.51484
0.4593023   12.66876
0.4651163   12.44349
0.4709302   12.89558
0.4767442   12.89558
0.4825581   12.97231
0.4883721   12.97231
0.494186   12.91022
0.5   12.91022
0.505814   13.0978
0.5116279   13.06311
0.5174419   13.06311
0.5232558   13.39575
0.5290698   13.39575
0.5348837   13.74472
0.5406977   13.74472
0.5465117   13.74472
0.5523256   13.50047
0.5581396   13.50047
0.5639535   13.90172
0.5697674   13.96379
0.5755814   13.96379
0.5813953   13.90231
0.5872093   13.90231
0.5930232   13.90231
0.5988372   14.04792
0.6046512   14.04792
0.6104651   13.99721
0.6162791   13.99721
0.622093   13.99721
0.627907   13.9553
0.6337209   13.9553
0.6395349   14.10788
0.6453488   14.10788
0.6511628   14.10788
0.6569768   14.1989
0.6627907   14.1989
0.6686047   14.1989
0.6744186   14.1989
0.6802326   14.17881
0.6860465   14.17881
0.6918604   14.17881
0.6976744   14.17881
0.7034883   14.31342
0.7093023   14.31342
0.7151163   14.31342
0.7209302   14.31342
0.7267442   14.26085
0.7325581   14.26085
0.7383721   14.26085
0.744186   14.26085
0.75   14.38394
0.755814   14.38394
0.7616279   14.38394
0.7674419   14.38394
0.7732558   15.18544
0.7790698   15.18544
0.7848837   15.18544
0.7906977   14.87746
0.7965117   14.87746
0.8023256   14.87746
0.8081396   14.48239
0.8139535   14.48239
0.8197674   14.48239
0.8255814   14.39353
0.8313953   14.39353
0.8372093   14.39353
0.8430232   14.39353
0.8488372   14.93122
0.8546512   14.93122
0.8604651   14.93122
0.8662791   14.93122
0.872093   14.93122
0.877907   15.2153
0.8837209   15.2153
0.8895349   14.97353
0.8953488   14.97353
0.9011628   14.97353
0.9069768   14.97353
0.9127907   14.97353
0.9186047   15.35207
0.9244186   15.35207
0.9302326   15.23126
0.9360465   15.29591
0.9418604   15.29591
0.9476744   15.29591
0.9534883   15.29591
0.9593023   15.29591
0.9651163   15.45406
0.9709302   15.45406
0.9767442   15.45406
0.9825581   15.7896
0.9883721   14.7691
0.994186   14.7691
1   14.7691
