0   7.250073e-10
0.005814   8.965520e-10
0.0116279   1.152781e-9
0.0174419   1.556131e-9
0.0232558   2.149077e-9
0.0290698   2.933342e-9
0.0348837   3.991331e-9
0.0406977   5.141508e-9
0.0465116   6.749850e-9
0.0523256   8.228957e-9
0.0581395   1.038041e-8
0.0639535   1.331453e-8
0.0697674   1.582218e-8
0.0755814   1.914749e-8
0.0813954   2.049888e-8
0.0872093   2.605677e-8
0.0930233   2.914500e-8
0.0988372   3.420458e-8
0.1046512   3.512504e-8
0.1104651   3.962463e-8
0.1162791   4.930509e-8
0.122093   5.392010e-8
0.127907   6.157723e-8
0.1337209   5.434138e-8
0.1395349   7.736669e-8
0.1453488   6.139666e-8
0.1511628   1.040806e-7
0.1569767   9.563726e-8
0.1627907   9.936029e-8
0.1686047   1.091684e-7
0.1744186   1.329087e-7
0.1802326   1.372035e-7
0.1860465   1.349979e-7
0.1918605   1.550653e-7
0.1976744   1.627227e-7
0.2034884   1.761970e-7
0.2093023   1.938198e-7
0.2151163   2.042561e-7
0.2209302   2.012990e-7
0.2267442   2.346625e-7
0.2325581   2.324529e-7
0.2383721   2.332496e-7
0.244186   2.292385e-7
0.25   2.701551e-7
0.255814   3.328205e-7
0.2616279   3.125755e-7
0.2674419   3.008361e-7
0.2732558   3.312515e-7
0.2790698   4.044876e-7
0.2848837   4.044876e-7
0.2906977   3.564073e-7
0.2965116   4.607014e-7
0.3023256   4.349276e-7
0.3081395   4.131032e-7
0.3139535   4.993853e-7
0.3197674   4.993853e-7
0.3255814   4.781494e-7
0.3313954   4.781494e-7
0.3372093   5.202623e-7
0.3430233   6.086275e-7
0.3488372   4.749467e-7
0.3546512   5.909233e-7
0.3604651   6.789313e-7
0.3662791   5.043459e-7
0.372093   5.043459e-7
0.377907   7.687232e-7
0.3837209   8.158687e-7
0.3895349   7.894179e-7
0.3953488   8.349518e-7
0.4011628   8.349518e-7
0.4069767   9.805543e-7
0.4127907   8.407025e-7
0.4186046   8.407025e-7
0.4244186   9.553954e-7
0.4302326   9.553954e-7
0.4360465   9.310590e-7
0.4418605   1.057911e-6
0.4476744   1.057911e-6
0.4534884   1.282086e-6
0.4593023   1.037298e-6
0.4651163   1.246726e-6
0.4709302   1.086449e-6
0.4767442   1.086449e-6
0.4825581   1.517094e-6
0.4883721   1.517094e-6
0.494186   1.542692e-6
0.5   1.542692e-6
0.505814   1.505805e-6
0.5116279   1.600135e-6
0.5174419   1.600135e-6
0.5232558   1.487294e-6
0.5290698   1.487294e-6
0.5348837   1.615757e-6
0.5406977   1.615757e-6
0.5465117   1.615757e-6
0.5523256   1.541163e-6
0.5581396   1.541163e-6
0.5639535   2.116072e-6
0.5697674   1.785844e-6
0.5755814   1.785844e-6
0.5813953   2.207846e-6
0.5872093   2.207846e-6
0.5930232   2.207846e-6
0.5988372   2.046966e-6
0.6046512   2.046966e-6
0.6104651   2.642251e-6
0.6162791   2.642251e-6
0.622093   2.642251e-6
0.627907   1.743208e-6
0.6337209   1.743208e-6
0.6395349   2.254221e-6
0.6453488   2.254221e-6
0.6511628   2.254221e-6
0.6569768   1.627145e-6
0.6627907   1.627145e-6
0.6686047   1.627145e-6
0.6744186   1.627145e-6
0.6802326   3.909039e-6
0.6860465   3.909039e-6
0.6918604   3.909039e-6
0.6976744   3.909039e-6
0.7034883   2.469279e-6
0.7093023   2.469279e-6
0.7151163   2.469279e-6
0.7209302   2.469279e-6
0.7267442   3.923034e-6
0.7325581   3.923034e-6
0.7383721   3.923034e-6
0.744186   3.923034e-6
0.75   3.826552e-6
0.755814   3.826552e-6
0.7616279   3.826552e-6
0.7674419   3.826552e-6
0.7732558   4.318584e-6
0.7790698   4.318584e-6
0.7848837   4.318584e-6
0.7906977   5.046706e-6
0.7965117   5.046706e-6
0.8023256   5.046706e-6
0.8081396   6.601691e-6
0.8139535   6.601691e-6
0.8197674   6.601691e-6
0.8255814   4.357727e-6
0.8313953   4.357727e-6
0.8372093   4.357727e-6
0.8430232   4.357727e-6
0.8488372   4.802055e-6
0.8546512   4.802055e-6
0.8604651   4.802055e-6
0.8662791   4.802055e-6
0.872093   4.802055e-6
0.877907   4.095443e-6
0.8837209   4.095443e-6
0.8895349   6.038878e-6
0.8953488   6.038878e-6
0.9011628   6.038878e-6
0.9069768   6.038878e-6
0.9127907   6.038878e-6
0.9186047   8.411986e-6
0.9244186   8.411986e-6
0.9302326   5.384809e-6
0.9360465   6.453929e-6
0.9418604   6.453929e-6
0.9476744   6.453929e-6
0.9534883   6.453929e-6
0.9593023   6.453929e-6
0.9651163   7.764149e-6
0.9709302   7.764149e-6
0.9767442   7.764149e-6
0.9825581   7.703071e-6
0.9883721   6.516945e-6
0.994186   6.516945e-6
1   6.516945e-6
