0   6.539233e-7
0.005814   7.656980e-7
0.0116279   9.113866e-7
0.0174419   1.133424e-6
0.0232558   1.426740e-6
0.0290698   1.773738e-6
0.0348837   2.235895e-6
0.0406977   2.679146e-6
0.0465116   3.262746e-6
0.0523256   3.708720e-6
0.0581395   4.421403e-6
0.0639535   5.345875e-6
0.0697674   6.034122e-6
0.0755814   6.920054e-6
0.0813954   7.184017e-6
0.0872093   8.678123e-6
0.0930233   9.299266e-6
0.0988372   0.0000106
0.1046512   0.0000106
0.1104651   0.0000116
0.1162791   0.0000138
0.122093   0.0000146
0.127907   0.0000164
0.1337209   0.0000141
0.1395349   0.0000195
0.1453488   0.0000149
0.1511628   0.000025
0.1569767   0.0000224
0.1627907   0.0000232
0.1686047   0.0000249
0.1744186   0.0000302
0.1802326   0.0000306
0.1860465   0.0000292
0.1918605   0.0000327
0.1976744   0.0000342
0.2034884   0.0000359
0.2093023   0.0000387
0.2151163   0.0000405
0.2209302   0.0000395
0.2267442   0.0000452
0.2325581   0.0000439
0.2383721   0.0000437
0.244186   0.0000426
0.25   0.0000495
0.255814   0.0000601
0.2616279   0.0000565
0.2674419   0.0000529
0.2732558   0.0000579
0.2790698   0.0000697
0.2848837   0.0000697
0.2906977   0.0000592
0.2965116   0.0000793
0.3023256   0.0000728
0.3081395   0.0000677
0.3139535   0.0000785
0.3197674   0.0000785
0.3255814   0.0000772
0.3313954   0.0000772
0.3372093   0.0000819
0.3430233   0.0000966
0.3488372   0.0000764
0.3546512   0.000089
0.3604651   0.000103
0.3662791   0.0000775
0.372093   0.0000775
0.377907   0.0001186
0.3837209   0.0001252
0.3895349   0.0001189
0.3953488   0.0001245
0.4011628   0.0001245
0.4069767   0.0001448
0.4127907   0.0001249
0.4186046   0.0001249
0.4244186   0.0001394
0.4302326   0.0001394
0.4360465   0.0001355
0.4418605   0.0001524
0.4476744   0.0001524
0.4534884   0.000185
0.4593023   0.0001478
0.4651163   0.0001807
0.4709302   0.0001521
0.4767442   0.0001521
0.4825581   0.0002113
0.4883721   0.0002113
0.494186   0.0002158
0.5   0.0002158
0.505814   0.0002077
0.5116279   0.0002213
0.5174419   0.0002213
0.5232558   0.000201
0.5290698   0.000201
0.5348837   0.0002124
0.5406977   0.0002124
0.5465117   0.0002124
0.5523256   0.0002073
0.5581396   0.0002073
0.5639535   0.0002756
0.5697674   0.0002314
0.5755814   0.0002314
0.5813953   0.0002875
0.5872093   0.0002875
0.5930232   0.0002875
0.5988372   0.0002637
0.6046512   0.0002637
0.6104651   0.0003419
0.6162791   0.0003419
0.622093   0.0003419
0.627907   0.0002267
0.6337209   0.0002267
0.6395349   0.0002894
0.6453488   0.0002894
0.6511628   0.0002894
0.6569768   0.0002079
0.6627907   0.0002079
0.6686047   0.0002079
0.6744186   0.0002079
0.6802326   0.0004991
0.6860465   0.0004991
0.6918604   0.0004991
0.6976744   0.0004991
0.7034883   0.0003147
0.7093023   0.0003147
0.7151163   0.0003147
0.7209302   0.0003147
0.7267442   0.0004994
0.7325581   0.0004994
0.7383721   0.0004994
0.744186   0.0004994
0.75   0.000486
0.755814   0.000486
0.7616279   0.000486
0.7674419   0.000486
0.7732558   0.000518
0.7790698   0.000518
0.7848837   0.000518
0.7906977   0.000617
0.7965117   0.000617
0.8023256   0.000617
0.8081396   0.0008325
0.8139535   0.0008325
0.8197674   0.0008325
0.8255814   0.0005513
0.8313953   0.0005513
0.8372093   0.0005513
0.8430232   0.0005513
0.8488372   0.0005884
0.8546512   0.0005884
0.8604651   0.0005884
0.8662791   0.0005884
0.872093   0.0005884
0.877907   0.00049
0.8837209   0.00049
0.8895349   0.0007348
0.8953488   0.0007348
0.9011628   0.0007348
0.9069768   0.0007348
0.9127907   0.0007348
0.9186047   0.0010002
0.9244186   0.0010002
0.9302326   0.0006432
0.9360465   0.0007685
0.9418604   0.0007685
0.9476744   0.0007685
0.9534883   0.0007685
0.9593023   0.0007685
0.9651163   0.0009172
0.9709302   0.0009172
0.9767442   0.0009172
0.9825581   0.0008906
0.9883721   0.0008053
0.994186   0.0008053
1   0.0008053
