0   404.851
0.005814   341.0721
0.0116279   277.6154
0.0174419   218.3654
0.0232558   168.3317
0.0290698   130.9423
0.0348837   101.8221
0.0406977   83.37019
0.0465116   133.8606
0.0523256   152.4135
0.0581395   81.71154
0.0639535   198.2308
0.0697674   65.80289
0.0755814   193.1106
0.0813954   90.64904
0.0872093   173.8462
0.0930233   87.34135
0.0988372   73.63461
0.1046512   122.1442
0.1104651   86.84615
0.1162791   136.0337
0.122093   76.88942
0.127907   284.899
0.1337209   108.1442
0.1395349   175.4615
0.1453488   102.6442
0.1511628   90.47115
0.1569767   173.4231
0.1627907   95.57692
0.1686047   161.9663
0.1744186   113.6106
0.1802326   91.14904
0.1860465   95.34615
0.1918605   137.351
0.1976744   126.0865
0.2034884   109.8173
0.2093023   86.03846
0.2151163   130.4856
0.2209302   81.89904
0.2267442   136.6779
0.2325581   148.6779
0.2383721   120.2115
0.244186   136.649
0.25   103.9952
0.255814   149.9279
0.2616279   149.9663
0.2674419   104.0144
0.2732558   136.7837
0.2790698   152.149
0.2848837   152.149
0.2906977   114.6346
0.2965116   124.6683
0.3023256   134.9567
0.3081395   96.37981
0.3139535   116.7019
0.3197674   116.7019
0.3255814   106.7596
0.3313954   106.7596
0.3372093   137.0048
0.3430233   128.1779
0.3488372   89.26442
0.3546512   103.3269
0.3604651   103.5288
0.3662791   65.53846
0.372093   65.53846
0.377907   106.8173
0.3837209   146.5673
0.3895349   153.75
0.3953488   208.1683
0.4011628   208.1683
0.4069767   230.0673
0.4127907   143.4952
0.4186046   143.4952
0.4244186   200.4952
0.4302326   200.4952
0.4360465   205.3269
0.4418605   173.7163
0.4476744   173.7163
0.4534884   99.98558
0.4593023   127.7788
0.4651163   177.5962
0.4709302   165.2163
0.4767442   165.2163
0.4825581   151.1106
0.4883721   151.1106
0.494186   146.0433
0.5   146.0433
0.505814   145.2212
0.5116279   146.6442
0.5174419   146.6442
0.5232558   185.1298
0.5290698   185.1298
0.5348837   186.0433
0.5406977   186.0433
0.5465117   186.0433
0.5523256   122.6635
0.5581396   122.6635
0.5639535   122.2596
0.5697674   115.8942
0.5755814   115.8942
0.5813953   131.4808
0.5872093   131.4808
0.5930232   131.4808
0.5988372   144.5481
0.6046512   144.5481
0.6104651   132.9663
0.6162791   132.9663
0.622093   132.9663
0.627907   137.5144
0.6337209   137.5144
0.6395349   124.7308
0.6453488   124.7308
0.6511628   124.7308
0.6569768   162.3462
0.6627907   162.3462
0.6686047   162.3462
0.6744186   162.3462
0.6802326   141.1058
0.6860465   141.1058
0.6918604   141.1058
0.6976744   141.1058
0.7034883   136.5096
0.7093023   136.5096
0.7151163   136.5096
0.7209302   136.5096
0.7267442   109.3654
0.7325581   109.3654
0.7383721   109.3654
0.744186   109.3654
0.75   105.3798
0.755814   105.3798
0.7616279   105.3798
0.7674419   105.3798
0.7732558   114.6923
0.7790698   114.6923
0.7848837   114.6923
0.7906977   76.62981
0.7965117   76.62981
0.8023256   76.62981
0.8081396   77.27885
0.8139535   77.27885
0.8197674   77.27885
0.8255814   114.1058
0.8313953   114.1058
0.8372093   114.1058
0.8430232   114.1058
0.8488372   106.7981
0.8546512   106.7981
0.8604651   106.7981
0.8662791   106.7981
0.872093   106.7981
0.877907   152.1202
0.8837209   152.1202
0.8895349   121.6875
0.8953488   121.6875
0.9011628   121.6875
0.9069768   121.6875
0.9127907   121.6875
0.9186047   186.2019
0.9244186   186.2019
0.9302326   133.476
0.9360465   117.1442
0.9418604   117.1442
0.9476744   117.1442
0.9534883   117.1442
0.9593023   117.1442
0.9651163   157.6971
0.9709302   157.6971
0.9767442   157.6971
0.9825581   109.7692
0.9883721   70.58654
0.994186   70.58654
1   70.58654
