0   5.777468e+24
0.005814   4.872546e+24
0.0116279   3.967322e+24
0.0174419   3.112331e+24
0.0232558   2.401709e+24
0.0290698   1.867190e+24
0.0348837   1.454370e+24
0.0406977   1.190962e+24
0.0465116   9.545694e+23
0.0523256   7.851454e+23
0.0581395   6.620994e+23
0.0639535   5.470862e+23
0.0697674   4.697717e+23
0.0755814   3.932129e+23
0.0813954   3.670597e+23
0.0872093   3.093315e+23
0.0930233   2.749507e+23
0.0988372   2.264048e+23
0.1046512   2.108430e+23
0.1104651   1.919026e+23
0.1162791   1.712449e+23
0.122093   1.752232e+23
0.127907   1.435679e+23
0.1337209   1.324532e+23
0.1395349   1.253896e+23
0.1453488   1.128569e+23
0.1511628   9.416134e+22
0.1569767   9.728549e+22
0.1627907   9.537393e+22
0.1686047   8.404989e+22
0.1744186   7.145868e+22
0.1802326   7.753488e+22
0.1860465   6.673754e+22
0.1918605   6.330477e+22
0.1976744   6.073125e+22
0.2034884   6.195769e+22
0.2093023   5.569884e+22
0.2151163   4.979064e+22
0.2209302   5.010685e+22
0.2267442   4.434112e+22
0.2325581   4.490920e+22
0.2383721   4.069232e+22
0.244186   4.183509e+22
0.25   3.754310e+22
0.255814   3.543890e+22
0.2616279   3.500194e+22
0.2674419   3.358457e+22
0.2732558   3.320023e+22
0.2790698   3.002273e+22
0.2848837   3.002273e+22
0.2906977   2.887588e+22
0.2965116   2.654419e+22
0.3023256   2.799221e+22
0.3081395   2.270728e+22
0.3139535   2.402776e+22
0.3197674   2.402776e+22
0.3255814   2.055583e+22
0.3313954   2.055583e+22
0.3372093   2.130716e+22
0.3430233   2.033017e+22
0.3488372   1.747313e+22
0.3546512   2.026280e+22
0.3604651   1.674884e+22
0.3662791   1.666094e+22
0.372093   1.666094e+22
0.377907   1.646732e+22
0.3837209   1.558202e+22
0.3895349   1.660711e+22
0.3953488   1.462033e+22
0.4011628   1.462033e+22
0.4069767   1.486508e+22
0.4127907   1.337483e+22
0.4186046   1.337483e+22
0.4244186   1.301794e+22
0.4302326   1.301794e+22
0.4360465   1.260235e+22
0.4418605   1.188526e+22
0.4476744   1.188526e+22
0.4534884   1.140468e+22
0.4593023   1.170154e+22
0.4651163   1.053704e+22
0.4709302   1.073415e+22
0.4767442   1.073415e+22
0.4825581   1.034183e+22
0.4883721   1.034183e+22
0.494186   9.349162e+21
0.5   9.349162e+21
0.505814   9.017375e+21
0.5116279   8.684201e+21
0.5174419   8.684201e+21
0.5232558   8.143834e+21
0.5290698   8.143834e+21
0.5348837   8.037014e+21
0.5406977   8.037014e+21
0.5465117   8.037014e+21
0.5523256   7.276271e+21
0.5581396   7.276271e+21
0.5639535   7.183469e+21
0.5697674   6.787710e+21
0.5755814   6.787710e+21
0.5813953   6.503361e+21
0.5872093   6.503361e+21
0.5930232   6.503361e+21
0.5988372   6.128183e+21
0.6046512   6.128183e+21
0.6104651   5.804527e+21
0.6162791   5.804527e+21
0.622093   5.804527e+21
0.627907   5.777263e+21
0.6337209   5.777263e+21
0.6395349   5.340048e+21
0.6453488   5.340048e+21
0.6511628   5.340048e+21
0.6569768   5.045521e+21
0.6627907   5.045521e+21
0.6686047   5.045521e+21
0.6744186   5.045521e+21
0.6802326   4.626616e+21
0.6860465   4.626616e+21
0.6918604   4.626616e+21
0.6976744   4.626616e+21
0.7034883   4.805745e+21
0.7093023   4.805745e+21
0.7151163   4.805745e+21
0.7209302   4.805745e+21
0.7267442   3.759543e+21
0.7325581   3.759543e+21
0.7383721   3.759543e+21
0.744186   3.759543e+21
0.75   3.280216e+21
0.755814   3.280216e+21
0.7616279   3.280216e+21
0.7674419   3.280216e+21
0.7732558   3.693144e+21
0.7790698   3.693144e+21
0.7848837   3.693144e+21
0.7906977   3.314079e+21
0.7965117   3.314079e+21
0.8023256   3.314079e+21
0.8081396   3.318801e+21
0.8139535   3.318801e+21
0.8197674   3.318801e+21
0.8255814   3.255930e+21
0.8313953   3.255930e+21
0.8372093   3.255930e+21
0.8430232   3.255930e+21
0.8488372   2.862904e+21
0.8546512   2.862904e+21
0.8604651   2.862904e+21
0.8662791   2.862904e+21
0.872093   2.862904e+21
0.877907   2.861514e+21
0.8837209   2.861514e+21
0.8895349   2.455677e+21
0.8953488   2.455677e+21
0.9011628   2.455677e+21
0.9069768   2.455677e+21
0.9127907   2.455677e+21
0.9186047   2.763474e+21
0.9244186   2.763474e+21
0.9302326   2.509004e+21
0.9360465   2.390580e+21
0.9418604   2.390580e+21
0.9476744   2.390580e+21
0.9534883   2.390580e+21
0.9593023   2.390580e+21
0.9651163   2.281748e+21
0.9709302   2.281748e+21
0.9767442   2.281748e+21
0.9825581   2.325596e+21
0.9883721   1.901095e+21
0.994186   1.901095e+21
1   1.901095e+21
