0   776.6779
0.005814   881.1144
0.0116279   981.0619
0.0174419   1072.664
0.0232558   1147.619
0.0290698   1211.081
0.0348837   1251.541
0.0406977   1284.059
0.0465116   1311.479
0.0523256   1335.748
0.0581395   1351.29
0.0639535   1365.909
0.0697674   1374.033
0.0755814   1379.88
0.0813954   1387.919
0.0872093   1401.027
0.0930233   1406.14
0.0988372   1407.224
0.1046512   1419.821
0.1104651   1425.289
0.1162791   1424.624
0.122093   1419.374
0.127907   1420.973
0.1337209   1419.114
0.1395349   1427.43
0.1453488   1427.679
0.1511628   1416.785
0.1569767   1431.206
0.1627907   1440.441
0.1686047   1436.053
0.1744186   1434.832
0.1802326   1439.703
0.1860465   1446.504
0.1918605   1442.239
0.1976744   1449.205
0.2034884   1447.693
0.2093023   1447.004
0.2151163   1446.922
0.2209302   1451.884
0.2267442   1446.393
0.2325581   1449.692
0.2383721   1448.776
0.244186   1454.606
0.25   1448.568
0.255814   1449.492
0.2616279   1449.056
0.2674419   1450.858
0.2732558   1449.498
0.2790698   1446.909
0.2848837   1446.909
0.2906977   1445.061
0.2965116   1458.116
0.3023256   1456.387
0.3081395   1453.496
0.3139535   1453.468
0.3197674   1453.468
0.3255814   1452.42
0.3313954   1452.42
0.3372093   1460.837
0.3430233   1453.085
0.3488372   1454.76
0.3546512   1459.358
0.3604651   1457.368
0.3662791   1460.384
0.372093   1460.384
0.377907   1457.767
0.3837209   1458.527
0.3895349   1460.342
0.3953488   1455.129
0.4011628   1455.129
0.4069767   1464.952
0.4127907   1459.404
0.4186046   1459.404
0.4244186   1460.357
0.4302326   1460.357
0.4360465   1460.244
0.4418605   1459.837
0.4476744   1459.837
0.4534884   1461.188
0.4593023   1460.099
0.4651163   1459.462
0.4709302   1460.937
0.4767442   1460.937
0.4825581   1461.432
0.4883721   1461.432
0.494186   1461.333
0.5   1461.333
0.505814   1461.557
0.5116279   1461.881
0.5174419   1461.881
0.5232558   1464.879
0.5290698   1464.879
0.5348837   1461.479
0.5406977   1461.479
0.5465117   1461.479
0.5523256   1469.137
0.5581396   1469.137
0.5639535   1464.778
0.5697674   1464.052
0.5755814   1464.052
0.5813953   1464.623
0.5872093   1464.623
0.5930232   1464.623
0.5988372   1464.218
0.6046512   1464.218
0.6104651   1465.329
0.6162791   1465.329
0.622093   1465.329
0.627907   1468.348
0.6337209   1468.348
0.6395349   1465.367
0.6453488   1465.367
0.6511628   1465.367
0.6569768   1467.443
0.6627907   1467.443
0.6686047   1467.443
0.6744186   1467.443
0.6802326   1464.692
0.6860465   1464.692
0.6918604   1464.692
0.6976744   1464.692
0.7034883   1475.859
0.7093023   1475.859
0.7151163   1475.859
0.7209302   1475.859
0.7267442   1468.722
0.7325581   1468.722
0.7383721   1468.722
0.744186   1468.722
0.75   1478.011
0.755814   1478.011
0.7616279   1478.011
0.7674419   1478.011
0.7732558   1473.539
0.7790698   1473.539
0.7848837   1473.539
0.7906977   1471.446
0.7965117   1471.446
0.8023256   1471.446
0.8081396   1477.467
0.8139535   1477.467
0.8197674   1477.467
0.8255814   1473.033
0.8313953   1473.033
0.8372093   1473.033
0.8430232   1473.033
0.8488372   1479.986
0.8546512   1479.986
0.8604651   1479.986
0.8662791   1479.986
0.872093   1479.986
0.877907   1472.695
0.8837209   1472.695
0.8895349   1474.05
0.8953488   1474.05
0.9011628   1474.05
0.9069768   1474.05
0.9127907   1474.05
0.9186047   1476.733
0.9244186   1476.733
0.9302326   1471.94
0.9360465   1473.515
0.9418604   1473.515
0.9476744   1473.515
0.9534883   1473.515
0.9593023   1473.515
0.9651163   1476.898
0.9709302   1476.898
0.9767442   1476.898
0.9825581   1476.92
0.9883721   1476.378
0.994186   1476.378
1   1476.378
