0   153.8793
0.005814   137.9671
0.0116279   118.2288
0.0174419   100.3469
0.0232558   83.36756
0.0290698   69.16159
0.0348837   59.35797
0.0406977   51.3598
0.0465116   44.19671
0.0523256   38.42113
0.0581395   34.31646
0.0639535   30.49282
0.0697674   27.51106
0.0755814   24.70626
0.0813954   23.23197
0.0872093   20.9808
0.0930233   19.25665
0.0988372   18.01763
0.1046512   17.33397
0.1104651   16.2312
0.1162791   14.8194
0.122093   13.78056
0.127907   13.42817
0.1337209   12.76916
0.1395349   11.99963
0.1453488   11.14748
0.1511628   10.90365
0.1569767   10.36977
0.1627907   10.29718
0.1686047   9.813639
0.1744186   9.78332
0.1802326   9.397446
0.1860465   8.835262
0.1918605   8.431808
0.1976744   8.34549
0.2034884   7.858496
0.2093023   7.536276
0.2151163   7.433126
0.2209302   7.289795
0.2267442   7.023131
0.2325581   6.740776
0.2383721   6.625623
0.244186   6.536929
0.25   6.346248
0.255814   6.172908
0.2616279   6.187544
0.2674419   5.839199
0.2732558   5.782477
0.2790698   5.609467
0.2848837   5.609467
0.2906977   5.216203
0.2965116   5.609213
0.3023256   5.298829
0.3081395   5.075305
0.3139535   4.672304
0.3197674   4.672304
0.3255814   4.93195
0.3313954   4.93195
0.3372093   4.683473
0.3430233   4.766397
0.3488372   4.892879
0.3546512   4.295498
0.3604651   4.356734
0.3662791   4.471951
0.372093   4.471951
0.377907   4.50207
0.3837209   4.452147
0.3895349   4.289743
0.3953488   4.20451
0.4011628   4.20451
0.4069767   4.126298
0.4127907   4.17717
0.4186046   4.17717
0.4244186   4.026397
0.4302326   4.026397
0.4360465   4.006298
0.4418605   3.924146
0.4476744   3.924146
0.4534884   3.939734
0.4593023   3.838855
0.4651163   3.975632
0.4709302   3.709247
0.4767442   3.709247
0.4825581   3.667988
0.4883721   3.667988
0.494186   3.702854
0.5   3.702854
0.505814   3.598653
0.5116279   3.619397
0.5174419   3.619397
0.5232558   3.456008
0.5290698   3.456008
0.5348837   3.267525
0.5406977   3.267525
0.5465117   3.267525
0.5523256   3.42241
0.5581396   3.42241
0.5639535   3.20857
0.5697674   3.176961
0.5755814   3.176961
0.5813953   3.207621
0.5872093   3.207621
0.5930232   3.207621
0.5988372   3.139729
0.6046512   3.139729
0.6104651   3.167323
0.6162791   3.167323
0.622093   3.167323
0.627907   3.19952
0.6337209   3.19952
0.6395349   3.117985
0.6453488   3.117985
0.6511628   3.117985
0.6569768   3.086871
0.6627907   3.086871
0.6686047   3.086871
0.6744186   3.086871
0.6802326   3.084026
0.6860465   3.084026
0.6918604   3.084026
0.6976744   3.084026
0.7034883   3.072615
0.7093023   3.072615
0.7151163   3.072615
0.7209302   3.072615
0.7267442   3.065446
0.7325581   3.065446
0.7383721   3.065446
0.744186   3.065446
0.75   3.05144
0.755814   3.05144
0.7616279   3.05144
0.7674419   3.05144
0.7732558   2.721284
0.7790698   2.721284
0.7848837   2.721284
0.7906977   2.827068
0.7965117   2.827068
0.8023256   2.827068
0.8081396   3.007874
0.8139535   3.007874
0.8197674   3.007874
0.8255814   3.026881
0.8313953   3.026881
0.8372093   3.026881
0.8430232   3.026881
0.8488372   2.839421
0.8546512   2.839421
0.8604651   2.839421
0.8662791   2.839421
0.872093   2.839421
0.877907   2.707507
0.8837209   2.707507
0.8895349   2.800795
0.8953488   2.800795
0.9011628   2.800795
0.9069768   2.800795
0.9127907   2.800795
0.9186047   2.674084
0.9244186   2.674084
0.9302326   2.699066
0.9360465   2.682028
0.9418604   2.682028
0.9476744   2.682028
0.9534883   2.682028
0.9593023   2.682028
0.9651163   2.639497
0.9709302   2.639497
0.9767442   2.639497
0.9825581   2.528579
0.9883721   2.887965
0.994186   2.887965
1   2.887965
