0   151.6685
0.005814   136.5463
0.0116279   115.6667
0.0174419   98.55984
0.0232558   81.64721
0.0290698   67.9845
0.0348837   58.37649
0.0406977   50.63332
0.0465116   44.48367
0.0523256   38.92087
0.0581395   35.57179
0.0639535   31.9619
0.0697674   29.17208
0.0755814   26.2973
0.0813954   24.94275
0.0872093   22.97594
0.0930233   21.01906
0.0988372   20.66513
0.1046512   20.1651
0.1104651   19.36151
0.1162791   17.3284
0.122093   16.55311
0.127907   16.07325
0.1337209   15.97029
0.1395349   14.74372
0.1453488   14.93219
0.1511628   13.81079
0.1569767   13.17529
0.1627907   13.5929
0.1686047   13.13238
0.1744186   13.66532
0.1802326   13.08698
0.1860465   12.0007
0.1918605   11.59508
0.1976744   11.70569
0.2034884   11.0702
0.2093023   10.59802
0.2151163   10.7178
0.2209302   10.4587
0.2267442   10.15761
0.2325581   9.623985
0.2383721   9.742914
0.244186   9.654034
0.25   9.531713
0.255814   9.331075
0.2616279   9.585722
0.2674419   8.899331
0.2732558   8.938783
0.2790698   8.93451
0.2848837   8.93451
0.2906977   8.071717
0.2965116   9.347806
0.3023256   8.64621
0.3081395   8.195782
0.3139535   7.552792
0.3197674   7.552792
0.3255814   8.377709
0.3313954   8.377709
0.3372093   8.036467
0.3430233   8.2717
0.3488372   8.832714
0.3546512   7.089849
0.3604651   7.568601
0.3662791   8.057769
0.372093   8.057769
0.377907   7.988767
0.3837209   8.141955
0.3895349   7.720775
0.3953488   7.571212
0.4011628   7.571212
0.4069767   7.501507
0.4127907   7.73963
0.4186046   7.73963
0.4244186   7.487128
0.4302326   7.487128
0.4360465   7.589465
0.4418605   7.390739
0.4476744   7.390739
0.4534884   7.514489
0.4593023   7.309563
0.4651163   7.760645
0.4709302   7.099895
0.4767442   7.099895
0.4825581   7.119
0.4883721   7.119
0.494186   7.325948
0.5   7.325948
0.505814   7.160535
0.5116279   7.32541
0.5174419   7.32541
0.5232558   6.93787
0.5290698   6.93787
0.5348837   6.543787
0.5406977   6.543787
0.5465117   6.543787
0.5523256   7.027284
0.5581396   7.027284
0.5639535   6.48392
0.5697674   6.467673
0.5755814   6.467673
0.5813953   6.572766
0.5872093   6.572766
0.5930232   6.572766
0.5988372   6.520647
0.6046512   6.520647
0.6104651   6.64336
0.6162791   6.64336
0.622093   6.64336
0.627907   6.739218
0.6337209   6.739218
0.6395349   6.535378
0.6453488   6.535378
0.6511628   6.535378
0.6569768   6.560571
0.6627907   6.560571
0.6686047   6.560571
0.6744186   6.560571
0.6802326   6.638561
0.6860465   6.638561
0.6918604   6.638561
0.6976744   6.638561
0.7034883   6.730056
0.7093023   6.730056
0.7151163   6.730056
0.7209302   6.730056
0.7267442   6.782255
0.7325581   6.782255
0.7383721   6.782255
0.744186   6.782255
0.75   6.874578
0.755814   6.874578
0.7616279   6.874578
0.7674419   6.874578
0.7732558   6.032402
0.7790698   6.032402
0.7848837   6.032402
0.7906977   6.380871
0.7965117   6.380871
0.8023256   6.380871
0.8081396   6.910058
0.8139535   6.910058
0.8197674   6.910058
0.8255814   6.925206
0.8313953   6.925206
0.8372093   6.925206
0.8430232   6.925206
0.8488372   6.489456
0.8546512   6.489456
0.8604651   6.489456
0.8662791   6.489456
0.872093   6.489456
0.877907   6.217947
0.8837209   6.217947
0.8895349   6.384499
0.8953488   6.384499
0.9011628   6.384499
0.9069768   6.384499
0.9127907   6.384499
0.9186047   6.168021
0.9244186   6.168021
0.9302326   6.32142
0.9360465   6.230706
0.9418604   6.230706
0.9476744   6.230706
0.9534883   6.230706
0.9593023   6.230706
0.9651163   6.215576
0.9709302   6.215576
0.9767442   6.215576
0.9825581   5.907583
0.9883721   7.14757
0.994186   7.14757
1   7.14757
