0   155.3571
0.005814   139.0018
0.0116279   120.152
0.0174419   101.1254
0.0232558   83.74823
0.0290698   70.29243
0.0348837   59.64892
0.0406977   51.35367
0.0465116   44.76665
0.0523256   37.9143
0.0581395   33.4935
0.0639535   30.09424
0.0697674   26.85395
0.0755814   24.11178
0.0813954   22.1378
0.0872093   20.19956
0.0930233   18.46075
0.0988372   16.30944
0.1046512   16.07629
0.1104651   14.51969
0.1162791   13.37538
0.122093   12.56245
0.127907   12.05316
0.1337209   11.35351
0.1395349   10.41106
0.1453488   9.063658
0.1511628   9.529838
0.1569767   8.742549
0.1627907   8.738873
0.1686047   8.212856
0.1744186   7.832702
0.1802326   7.453738
0.1860465   7.312342
0.1918605   6.822346
0.1976744   6.560977
0.2034884   6.226484
0.2093023   6.020671
0.2151163   5.825357
0.2209302   5.71987
0.2267442   5.435594
0.2325581   5.2617
0.2383721   4.828719
0.244186   4.946027
0.25   4.708264
0.255814   4.650731
0.2616279   4.546892
0.2674419   4.522023
0.2732558   4.262499
0.2790698   3.995475
0.2848837   3.995475
0.2906977   3.855977
0.2965116   3.793192
0.3023256   3.616096
0.3081395   3.57807
0.3139535   3.101836
0.3197674   3.101836
0.3255814   3.140075
0.3313954   3.140075
0.3372093   2.949056
0.3430233   3.010921
0.3488372   2.837825
0.3546512   2.991284
0.3604651   2.815862
0.3662791   2.883396
0.372093   2.883396
0.377907   2.9208
0.3837209   2.643033
0.3895349   2.603209
0.3953488   2.521605
0.4011628   2.521605
0.4069767   2.424994
0.4127907   2.349562
0.4186046   2.349562
0.4244186   2.283356
0.4302326   2.283356
0.4360465   2.194133
0.4418605   2.194701
0.4476744   2.194701
0.4534884   2.123332
0.4593023   2.048491
0.4651163   2.056807
0.4709302   2.017041
0.4767442   2.017041
0.4825581   1.970003
0.4883721   1.970003
0.494186   1.916822
0.5   1.916822
0.505814   1.868517
0.5116279   1.81383
0.5174419   1.81383
0.5232558   1.767588
0.5290698   1.767588
0.5348837   1.636913
0.5406977   1.636913
0.5465117   1.636913
0.5523256   1.67215
0.5581396   1.67215
0.5639535   1.589656
0.5697674   1.547039
0.5755814   1.547039
0.5813953   1.522089
0.5872093   1.522089
0.5930232   1.522089
0.5988372   1.452754
0.6046512   1.452754
0.6104651   1.432158
0.6162791   1.432158
0.622093   1.432158
0.627907   1.46701
0.6337209   1.46701
0.6395349   1.413613
0.6453488   1.413613
0.6511628   1.413613
0.6569768   1.381374
0.6627907   1.381374
0.6686047   1.381374
0.6744186   1.381374
0.6802326   1.361109
0.6860465   1.361109
0.6918604   1.361109
0.6976744   1.361109
0.7034883   1.358104
0.7093023   1.358104
0.7151163   1.358104
0.7209302   1.358104
0.7267442   1.291367
0.7325581   1.291367
0.7383721   1.291367
0.744186   1.291367
0.75   1.141958
0.755814   1.141958
0.7616279   1.141958
0.7674419   1.141958
0.7732558   1.024631
0.7790698   1.024631
0.7848837   1.024631
0.7906977   1.019445
0.7965117   1.019445
0.8023256   1.019445
0.8081396   1.024949
0.8139535   1.024949
0.8197674   1.024949
0.8255814   1.054235
0.8313953   1.054235
0.8372093   1.054235
0.8430232   1.054235
0.8488372   1.071574
0.8546512   1.071574
0.8604651   1.071574
0.8662791   1.071574
0.872093   1.071574
0.877907   0.9539713
0.8837209   0.9539713
0.8895349   1.054549
0.8953488   1.054549
0.9011628   1.054549
0.9069768   1.054549
0.9127907   1.054549
0.9186047   0.9232641
0.9244186   0.9232641
0.9302326   0.9028073
0.9360465   0.916427
0.9418604   0.916427
0.9476744   0.916427
0.9534883   0.916427
0.9593023   0.916427
0.9651163   0.8637716
0.9709302   0.8637716
0.9767442   0.8637716
0.9825581   0.8667464
0.9883721   0.7792871
0.994186   0.7792871
1   0.7792871
