0   154.6124
0.005814   138.3532
0.0116279   118.8677
0.0174419   101.3555
0.0232558   84.70722
0.0290698   69.2079
0.0348837   60.04848
0.0406977   52.09243
0.0465116   43.33981
0.0523256   38.42822
0.0581395   33.88409
0.0639535   29.42228
0.0697674   26.50711
0.0755814   23.7097
0.0813954   22.61534
0.0872093   19.76691
0.0930233   18.2901
0.0988372   17.07832
0.1046512   15.76052
0.1104651   14.81235
0.1162791   13.75447
0.122093   12.22611
0.127907   12.1581
0.1337209   10.98369
0.1395349   10.8441
0.1453488   9.446596
0.1511628   9.370306
0.1569767   9.191482
0.1627907   8.559761
0.1686047   8.095702
0.1744186   7.851941
0.1802326   7.651619
0.1860465   7.192686
0.1918605   6.877993
0.1976744   6.769778
0.2034884   6.278794
0.2093023   5.990116
0.2151163   5.756211
0.2209302   5.690858
0.2267442   5.476195
0.2325581   5.33669
0.2383721   5.305317
0.244186   5.010805
0.25   4.798731
0.255814   4.536937
0.2616279   4.430064
0.2674419   4.096207
0.2732558   4.146165
0.2790698   3.898387
0.2848837   3.898387
0.2906977   3.720936
0.2965116   3.686692
0.3023256   3.634245
0.3081395   3.45205
0.3139535   3.362256
0.3197674   3.362256
0.3255814   3.278079
0.3313954   3.278079
0.3372093   3.064888
0.3430233   3.016473
0.3488372   3.008041
0.3546512   2.805361
0.3604651   2.685744
0.3662791   2.474663
0.372093   2.474663
0.377907   2.596715
0.3837209   2.571434
0.3895349   2.545334
0.3953488   2.520684
0.4011628   2.520684
0.4069767   2.452364
0.4127907   2.442294
0.4186046   2.442294
0.4244186   2.30871
0.4302326   2.30871
0.4360465   2.235234
0.4418605   2.187064
0.4476744   2.187064
0.4534884   2.181324
0.4593023   2.158521
0.4651163   2.109495
0.4709302   2.010768
0.4767442   2.010768
0.4825581   1.914996
0.4883721   1.914996
0.494186   1.865874
0.5   1.865874
0.505814   1.766934
0.5116279   1.718922
0.5174419   1.718922
0.5232558   1.662575
0.5290698   1.662575
0.5348837   1.621875
0.5406977   1.621875
0.5465117   1.621875
0.5523256   1.567828
0.5581396   1.567828
0.5639535   1.552146
0.5697674   1.516202
0.5755814   1.516202
0.5813953   1.528008
0.5872093   1.528008
0.5930232   1.528008
0.5988372   1.445783
0.6046512   1.445783
0.6104651   1.426497
0.6162791   1.426497
0.622093   1.426497
0.627907   1.39235
0.6337209   1.39235
0.6395349   1.40494
0.6453488   1.40494
0.6511628   1.40494
0.6569768   1.318668
0.6627907   1.318668
0.6686047   1.318668
0.6744186   1.318668
0.6802326   1.252425
0.6860465   1.252425
0.6918604   1.252425
0.6976744   1.252425
0.7034883   1.129698
0.7093023   1.129698
0.7151163   1.129698
0.7209302   1.129698
0.7267442   1.122721
0.7325581   1.122721
0.7383721   1.122721
0.744186   1.122721
0.75   1.137724
0.755814   1.137724
0.7616279   1.137724
0.7674419   1.137724
0.7732558   1.106769
0.7790698   1.106769
0.7848837   1.106769
0.7906977   1.080891
0.7965117   1.080891
0.8023256   1.080891
0.8081396   1.088626
0.8139535   1.088626
0.8197674   1.088626
0.8255814   1.101222
0.8313953   1.101222
0.8372093   1.101222
0.8430232   1.101222
0.8488372   0.9572358
0.8546512   0.9572358
0.8604651   0.9572358
0.8662791   0.9572358
0.872093   0.9572358
0.877907   0.95055
0.8837209   0.95055
0.8895349   0.9632657
0.8953488   0.9632657
0.9011628   0.9632657
0.9069768   0.9632657
0.9127907   0.9632657
0.9186047   0.931008
0.9244186   0.931008
0.9302326   0.8730041
0.9360465   0.8989583
0.9418604   0.8989583
0.9476744   0.8989583
0.9534883   0.8989583
0.9593023   0.8989583
0.9651163   0.8390842
0.9709302   0.8390842
0.9767442   0.8390842
0.9825581   0.811388
0.9883721   0.7370352
0.994186   0.7370352
1   0.7370352
