0   1.052329
0.005814   1.252277
0.0116279   1.496599
0.0174419   1.77763
0.0232558   2.081518
0.0290698   2.394018
0.0348837   2.70616
0.0406977   3.015643
0.0465116   3.318825
0.0523256   3.614183
0.0581395   3.853941
0.0639535   4.135276
0.0697674   4.408228
0.0755814   4.677094
0.0813954   4.930516
0.0872093   5.184865
0.0930233   5.427069
0.0988372   5.665417
0.1046512   5.900742
0.1104651   6.104825
0.1162791   6.339237
0.122093   6.470312
0.127907   6.735476
0.1337209   7.02655
0.1395349   7.092525
0.1453488   7.437118
0.1511628   7.603837
0.1569767   7.792525
0.1627907   7.807291
0.1686047   8.123436
0.1744186   8.312339
0.1802326   8.459597
0.1860465   8.638575
0.1918605   8.634696
0.1976744   8.811079
0.2034884   8.859754
0.2093023   9.087711
0.2151163   9.359631
0.2209302   9.484535
0.2267442   9.517209
0.2325581   9.59444
0.2383721   9.964967
0.244186   10.0276
0.25   10.08985
0.255814   10.21994
0.2616279   10.49044
0.2674419   10.50021
0.2732558   10.76334
0.2790698   10.78789
0.2848837   11.00235
0.2906977   11.09766
0.2965116   10.9494
0.3023256   11.29992
0.3081395   11.36397
0.3139535   11.65566
0.3197674   11.66783
0.3255814   11.86464
0.3313954   11.80616
0.3372093   11.90538
0.3430233   12.10199
0.3488372   12.18376
0.3546512   12.4237
0.3604651   12.31757
0.3662791   12.58237
0.372093   12.71036
0.377907   12.9817
0.3837209   12.76136
0.3895349   12.85232
0.3953488   13.01081
0.4011628   13.04322
0.4069767   13.20059
0.4127907   13.33748
0.4186046   13.28223
0.4244186   13.60125
0.4302326   13.53525
0.4360465   13.76126
0.4418605   13.73396
0.4476744   13.79783
0.4534884   14.15605
0.4593023   13.90006
0.4651163   14.19684
0.4709302   14.13909
0.4767442   14.22834
0.4825581   14.40568
0.4883721   14.40568
0.494186   14.53449
0.5   14.62169
0.505814   14.62169
0.5116279   14.62371
0.5174419   14.66704
0.5232558   14.81017
0.5290698   14.77145
0.5348837   14.92725
0.5406977   14.97677
0.5465117   15.15152
0.5523256   15.12851
0.5581396   14.99655
0.5639535   15.26751
0.5697674   15.26751
0.5755814   15.4365
0.5813953   15.75101
0.5872093   15.38058
0.5930232   15.44577
0.5988372   15.66769
0.6046512   15.6966
0.6104651   15.80386
0.6162791   15.80386
0.622093   15.77625
0.627907   15.79984
0.6337209   15.90289
0.6395349   15.95508
0.6453488   15.95508
0.6511628   16.02916
0.6569768   16.24522
0.6627907   16.24522
0.6686047   16.36149
0.6744186   16.35672
0.6802326   16.28738
0.6860465   16.28738
0.6918604   16.50346
0.6976744   16.50346
0.7034883   16.55991
0.7093023   16.52782
0.7151163   16.52782
0.7209302   16.86532
0.7267442   16.81793
0.7325581   16.81793
0.7383721   16.65547
0.744186   17.36899
0.75   16.69711
0.755814   16.69711
0.7616279   17.15266
0.7674419   16.92655
0.7732558   17.17616
0.7790698   17.66855
0.7848837   17.66855
0.7906977   17.18087
0.7965117   17.41543
0.8023256   17.41543
0.8081396   17.30711
0.8139535   17.30711
0.8197674   17.33236
0.8255814   17.33236
0.8313953   17.44518
0.8372093   17.75525
0.8430232   17.75525
0.8488372   17.68621
0.8546512   17.68621
0.8604651   17.85713
0.8662791   17.85713
0.872093   17.80179
0.877907   17.8111
0.8837209   17.8111
0.8895349   17.85459
0.8953488   17.76068
0.9011628   17.76068
0.9069768   18.03946
0.9127907   18.03946
0.9186047   18.15267
0.9244186   18.03226
0.9302326   18.03226
0.9360465   18.12959
0.9418604   18.12959
0.9476744   18.14735
0.9534883   18.28703
0.9593023   18.28703
0.9651163   18.2896
0.9709302   18.2896
0.9767442   18.30845
0.9825581   18.30845
0.9883721   18.61847
0.994186   18.61847
1   18.61847
