0   3.269220e-10
0.005814   3.976220e-10
0.0116279   5.103168e-10
0.0174419   6.841170e-10
0.0232558   9.357519e-10
0.0290698   1.278008e-9
0.0348837   1.723249e-9
0.0406977   2.281103e-9
0.0465116   2.966122e-9
0.0523256   3.783109e-9
0.0581395   4.581577e-9
0.0639535   5.665023e-9
0.0697674   6.904818e-9
0.0755814   8.330263e-9
0.0813954   9.883069e-9
0.0872093   1.163873e-8
0.0930233   1.353903e-8
0.0988372   1.563295e-8
0.1046512   1.786180e-8
0.1104651   2.085346e-8
0.1162791   2.281863e-8
0.122093   2.549186e-8
0.127907   3.041481e-8
0.1337209   3.132609e-8
0.1395349   3.817865e-8
0.1453488   4.019677e-8
0.1511628   4.447275e-8
0.1569767   4.363517e-8
0.1627907   4.669512e-8
0.1686047   5.627771e-8
0.1744186   6.676428e-8
0.1802326   5.487958e-8
0.1860465   6.020951e-8
0.1918605   7.568351e-8
0.1976744   8.141533e-8
0.2034884   5.873300e-8
0.2093023   9.112992e-8
0.2151163   9.421107e-8
0.2209302   1.050853e-7
0.2267442   1.095003e-7
0.2325581   8.689328e-8
0.2383721   1.212907e-7
0.244186   1.152595e-7
0.25   1.287694e-7
0.255814   1.452231e-7
0.2616279   1.303336e-7
0.2674419   1.290051e-7
0.2732558   1.477485e-7
0.2790698   1.649532e-7
0.2848837   1.681199e-7
0.2906977   1.358319e-7
0.2965116   1.989499e-7
0.3023256   1.432382e-7
0.3081395   1.758343e-7
0.3139535   1.816938e-7
0.3197674   2.054058e-7
0.3255814   2.158531e-7
0.3313954   1.989399e-7
0.3372093   2.156889e-7
0.3430233   2.709594e-7
0.3488372   2.246415e-7
0.3546512   1.992345e-7
0.3604651   2.425313e-7
0.3662791   2.375031e-7
0.372093   2.604530e-7
0.377907   2.625717e-7
0.3837209   2.397267e-7
0.3895349   3.491818e-7
0.3953488   3.129066e-7
0.4011628   2.217471e-7
0.4069767   3.102212e-7
0.4127907   4.109539e-7
0.4186046   2.726053e-7
0.4244186   4.723987e-7
0.4302326   3.396688e-7
0.4360465   4.194018e-7
0.4418605   2.621403e-7
0.4476744   3.088767e-7
0.4534884   3.949798e-7
0.4593023   5.428660e-7
0.4651163   4.160615e-7
0.4709302   4.923458e-7
0.4767442   5.576477e-7
0.4825581   4.024082e-7
0.4883721   4.024082e-7
0.494186   5.561213e-7
0.5   6.203588e-7
0.505814   6.203588e-7
0.5116279   5.631384e-7
0.5174419   5.424177e-7
0.5232558   6.951684e-7
0.5290698   6.519388e-7
0.5348837   6.714206e-7
0.5406977   6.113813e-7
0.5465117   7.332312e-7
0.5523256   7.137655e-7
0.5581396   8.052540e-7
0.5639535   6.722919e-7
0.5697674   6.722919e-7
0.5755814   8.071365e-7
0.5813953   9.793945e-7
0.5872093   9.690325e-7
0.5930232   9.300639e-7
0.5988372   7.972789e-7
0.6046512   1.106449e-6
0.6104651   6.884621e-7
0.6162791   6.884621e-7
0.622093   9.447174e-7
0.627907   1.111075e-6
0.6337209   1.156098e-6
0.6395349   8.311928e-7
0.6453488   8.311928e-7
0.6511628   1.206721e-6
0.6569768   1.100814e-6
0.6627907   1.100814e-6
0.6686047   1.275374e-6
0.6744186   1.094264e-6
0.6802326   1.057845e-6
0.6860465   1.057845e-6
0.6918604   1.145864e-6
0.6976744   1.145864e-6
0.7034883   1.332600e-6
0.7093023   1.456685e-6
0.7151163   1.456685e-6
0.7209302   1.630908e-6
0.7267442   1.647922e-6
0.7325581   1.647922e-6
0.7383721   1.726835e-6
0.744186   1.542832e-6
0.75   1.621544e-6
0.755814   1.621544e-6
0.7616279   1.741521e-6
0.7674419   1.898633e-6
0.7732558   1.734472e-6
0.7790698   1.767299e-6
0.7848837   1.767299e-6
0.7906977   2.036568e-6
0.7965117   1.887414e-6
0.8023256   1.887414e-6
0.8081396   1.925152e-6
0.8139535   1.925152e-6
0.8197674   2.356598e-6
0.8255814   2.356598e-6
0.8313953   2.185635e-6
0.8372093   2.132424e-6
0.8430232   2.132424e-6
0.8488372   2.437685e-6
0.8546512   2.437685e-6
0.8604651   2.440829e-6
0.8662791   2.440829e-6
0.872093   2.620213e-6
0.877907   2.670908e-6
0.8837209   2.670908e-6
0.8895349   2.486434e-6
0.8953488   2.422557e-6
0.9011628   2.422557e-6
0.9069768   2.557101e-6
0.9127907   2.557101e-6
0.9186047   3.145696e-6
0.9244186   2.687002e-6
0.9302326   2.687002e-6
0.9360465   2.897801e-6
0.9418604   2.897801e-6
0.9476744   3.304193e-6
0.9534883   3.276341e-6
0.9593023   3.276341e-6
0.9651163   3.131334e-6
0.9709302   3.131334e-6
0.9767442   3.307677e-6
0.9825581   3.307677e-6
0.9883721   3.245843e-6
0.994186   3.245843e-6
1   3.245843e-6
