0   2.955624e-7
0.005814   3.410353e-7
0.0116279   4.087012e-7
0.0174419   5.051069e-7
0.0232558   6.328940e-7
0.0290698   7.914873e-7
0.0348837   9.807975e-7
0.0406977   1.198770e-6
0.0465116   1.447023e-6
0.0523256   1.723567e-6
0.0581395   1.979362e-6
0.0639535   2.306188e-6
0.0697674   2.659866e-6
0.0755814   3.048015e-6
0.0813954   3.449682e-6
0.0872093   3.883664e-6
0.0930233   4.334635e-6
0.0988372   4.813621e-6
0.1046512   5.297572e-6
0.1104651   6.009197e-6
0.1162791   6.335869e-6
0.122093   6.960990e-6
0.127907   7.975622e-6
0.1337209   7.852934e-6
0.1395349   9.561027e-6
0.1453488   9.544568e-6
0.1511628   0.0000104
0.1569767   9.969055e-6
0.1627907   0.0000107
0.1686047   0.0000123
0.1744186   0.0000144
0.1802326   0.0000116
0.1860465   0.0000125
0.1918605   0.0000157
0.1976744   0.0000166
0.2034884   0.0000119
0.2093023   0.000018
0.2151163   0.0000181
0.2209302   0.0000199
0.2267442   0.0000207
0.2325581   0.0000162
0.2383721   0.0000219
0.244186   0.0000208
0.25   0.000023
0.255814   0.0000256
0.2616279   0.0000223
0.2674419   0.0000221
0.2732558   0.0000247
0.2790698   0.0000276
0.2848837   0.0000275
0.2906977   0.0000221
0.2965116   0.0000327
0.3023256   0.0000229
0.3081395   0.0000279
0.3139535   0.0000281
0.3197674   0.0000318
0.3255814   0.0000328
0.3313954   0.0000305
0.3372093   0.0000327
0.3430233   0.0000403
0.3488372   0.0000333
0.3546512   0.000029
0.3604651   0.0000357
0.3662791   0.0000342
0.372093   0.000037
0.377907   0.0000366
0.3837209   0.000034
0.3895349   0.0000491
0.3953488   0.0000435
0.4011628   0.0000308
0.4069767   0.0000425
0.4127907   0.0000557
0.4186046   0.0000373
0.4244186   0.0000628
0.4302326   0.0000455
0.4360465   0.0000552
0.4418605   0.0000345
0.4476744   0.0000406
0.4534884   0.0000501
0.4593023   0.0000709
0.4651163   0.0000531
0.4709302   0.000063
0.4767442   0.000071
0.4825581   0.0000507
0.4883721   0.0000507
0.494186   0.0000689
0.5   0.0000769
0.505814   0.0000769
0.5116279   0.0000697
0.5174419   0.0000672
0.5232558   0.000085
0.5290698   0.00008
0.5348837   0.0000816
0.5406977   0.0000739
0.5465117   0.0000877
0.5523256   0.0000855
0.5581396   0.0000973
0.5639535   0.0000798
0.5697674   0.0000798
0.5755814   0.0000947
0.5813953   0.0001126
0.5872093   0.0001141
0.5930232   0.0001091
0.5988372   0.0000923
0.6046512   0.0001277
0.6104651   0.0000789
0.6162791   0.0000789
0.622093   0.0001087
0.627907   0.0001274
0.6337209   0.0001319
0.6395349   0.0000947
0.6453488   0.0000947
0.6511628   0.0001366
0.6569768   0.0001229
0.6627907   0.0001229
0.6686047   0.0001411
0.6744186   0.0001213
0.6802326   0.0001179
0.6860465   0.0001179
0.6918604   0.0001256
0.6976744   0.0001256
0.7034883   0.0001465
0.7093023   0.0001599
0.7151163   0.0001599
0.7209302   0.0001755
0.7267442   0.0001781
0.7325581   0.0001781
0.7383721   0.0001883
0.744186   0.0001611
0.75   0.0001763
0.755814   0.0001763
0.7616279   0.0001841
0.7674419   0.0002034
0.7732558   0.0001835
0.7790698   0.0001818
0.7848837   0.0001818
0.7906977   0.000215
0.7965117   0.000197
0.8023256   0.000197
0.8081396   0.0002016
0.8139535   0.0002016
0.8197674   0.0002458
0.8255814   0.0002458
0.8313953   0.0002276
0.8372093   0.000218
0.8430232   0.000218
0.8488372   0.0002502
0.8546512   0.0002502
0.8604651   0.0002486
0.8662791   0.0002486
0.872093   0.000267
0.877907   0.0002725
0.8837209   0.0002725
0.8895349   0.0002528
0.8953488   0.0002478
0.9011628   0.0002478
0.9069768   0.0002575
0.9127907   0.0002575
0.9186047   0.0003144
0.9244186   0.0002708
0.9302326   0.0002708
0.9360465   0.0002902
0.9418604   0.0002902
0.9476744   0.0003305
0.9534883   0.0003255
0.9593023   0.0003255
0.9651163   0.0003111
0.9709302   0.0003111
0.9767442   0.0003285
0.9825581   0.0003285
0.9883721   0.0003166
0.994186   0.0003166
1   0.0003166
