0   2.955624e-7
0.005814   3.410353e-7
0.0116279   4.087012e-7
0.0174419   5.660786e-7
0.0232558   7.113123e-7
0.0290698   8.928312e-7
0.0348837   1.107915e-6
0.0406977   1.356730e-6
0.0465116   1.638051e-6
0.0523256   1.951774e-6
0.0581395   2.238173e-6
0.0639535   2.611342e-6
0.0697674   3.015796e-6
0.0755814   3.451349e-6
0.0813954   3.917493e-6
0.0872093   4.422476e-6
0.0930233   5.069171e-6
0.0988372   5.636898e-6
0.1046512   6.231945e-6
0.1104651   6.895373e-6
0.1162791   7.516979e-6
0.122093   8.044986e-6
0.127907   9.056588e-6
0.1337209   9.920553e-6
0.1395349   0.0000101
0.1453488   0.0000115
0.1511628   0.0000116
0.1569767   0.0000125
0.1627907   0.0000141
0.1686047   0.0000144
0.1744186   0.0000151
0.1802326   0.0000171
0.1860465   0.0000168
0.1918605   0.0000175
0.1976744   0.000021
0.2034884   0.0000157
0.2093023   0.0000215
0.2151163   0.0000238
0.2209302   0.0000226
0.2267442   0.000026
0.2325581   0.0000249
0.2383721   0.0000276
0.244186   0.0000266
0.25   0.0000277
0.255814   0.0000305
0.2616279   0.0000315
0.2674419   0.0000296
0.2732558   0.000033
0.2790698   0.0000352
0.2848837   0.0000346
0.2906977   0.0000388
0.2965116   0.0000407
0.3023256   0.0000294
0.3081395   0.0000415
0.3139535   0.0000433
0.3197674   0.0000365
0.3255814   0.0000485
0.3313954   0.0000498
0.3372093   0.0000593
0.3430233   0.000057
0.3488372   0.0000428
0.3546512   0.0000508
0.3604651   0.0000592
0.3662791   0.0000523
0.372093   0.0000637
0.377907   0.0000664
0.3837209   0.0000566
0.3895349   0.0000491
0.3953488   0.0000685
0.4011628   0.0000705
0.4069767   0.0000743
0.4127907   0.0000764
0.4186046   0.000074
0.4244186   0.0000772
0.4302326   0.0000766
0.4360465   0.0000799
0.4418605   0.0000877
0.4476744   0.0000792
0.4534884   0.0000854
0.4593023   0.0000842
0.4651163   0.0000814
0.4709302   0.0000911
0.4767442   0.0001018
0.4825581   0.0000943
0.4883721   0.0000953
0.494186   0.0001101
0.5   0.0001103
0.505814   0.0001004
0.5116279   0.0001124
0.5174419   0.0001115
0.5232558   0.0001178
0.5290698   0.000114
0.5348837   0.000117
0.5406977   0.0001203
0.5465117   0.0001269
0.5523256   0.0001196
0.5581396   0.0001196
0.5639535   0.0001348
0.5697674   0.0001363
0.5755814   0.0001413
0.5813953   0.0001247
0.5872093   0.0001141
0.5930232   0.0001091
0.5988372   0.0001288
0.6046512   0.0001622
0.6104651   0.0001186
0.6162791   0.0001532
0.622093   0.0001541
0.627907   0.0001832
0.6337209   0.0001208
0.6395349   0.0001683
0.6453488   0.0001701
0.6511628   0.0001612
0.6569768   0.0001831
0.6627907   0.0001831
0.6686047   0.0002014
0.6744186   0.0001213
0.6802326   0.0002019
0.6860465   0.0001867
0.6918604   0.0001994
0.6976744   0.000191
0.7034883   0.0001977
0.7093023   0.000208
0.7151163   0.0002306
0.7209302   0.0002512
0.7267442   0.0002166
0.7325581   0.000241
0.7383721   0.0002264
0.744186   0.0002439
0.75   0.0002537
0.755814   0.0002369
0.7616279   0.0002594
0.7674419   0.0002631
0.7732558   0.0002668
0.7790698   0.0002692
0.7848837   0.0002907
0.7906977   0.0002833
0.7965117   0.0002559
0.8023256   0.0002739
0.8081396   0.0003043
0.8139535   0.000254
0.8197674   0.0002946
0.8255814   0.000309
0.8313953   0.000309
0.8372093   0.0003177
0.8430232   0.0003177
0.8488372   0.000319
0.8546512   0.000319
0.8604651   0.0003332
0.8662791   0.0003282
0.872093   0.000335
0.877907   0.0003441
0.8837209   0.0003441
0.8895349   0.0003569
0.8953488   0.0003524
0.9011628   0.0003705
0.9069768   0.0003794
0.9127907   0.0003794
0.9186047   0.0003719
0.9244186   0.0003716
0.9302326   0.0003775
0.9360465   0.000392
0.9418604   0.000392
0.9476744   0.0004
0.9534883   0.0004048
0.9593023   0.0004048
0.9651163   0.0004254
0.9709302   0.0004149
0.9767442   0.0004494
0.9825581   0.0004494
0.9883721   0.0004553
0.994186   0.00045
1   0.00045
