0   1.143214e+25
0.005814   9.744697e+24
0.0116279   7.950480e+24
0.0174419   6.267271e+24
0.0232558   4.861031e+24
0.0290698   3.773456e+24
0.0348837   2.959851e+24
0.0406977   2.356023e+24
0.0465116   1.904312e+24
0.0523256   1.560246e+24
0.0581395   1.335805e+24
0.0639535   1.122175e+24
0.0697674   9.534749e+23
0.0755814   8.180078e+23
0.0813954   7.092499e+23
0.0872093   6.193321e+23
0.0930233   5.459119e+23
0.0988372   4.833128e+23
0.1046512   4.313797e+23
0.1104651   3.832520e+23
0.1162791   3.493889e+23
0.122093   3.203601e+23
0.127907   2.907181e+23
0.1337209   2.667664e+23
0.1395349   2.399801e+23
0.1453488   2.320396e+23
0.1511628   2.162264e+23
0.1569767   2.038091e+23
0.1627907   1.822573e+23
0.1686047   1.701811e+23
0.1744186   1.381196e+23
0.1802326   1.475100e+23
0.1860465   1.595625e+23
0.1918605   1.381385e+23
0.1976744   1.204557e+23
0.2034884   1.099829e+23
0.2093023   1.007033e+23
0.2151163   1.056225e+23
0.2209302   9.671025e+22
0.2267442   8.837667e+22
0.2325581   8.590472e+22
0.2383721   8.420458e+22
0.244186   7.811355e+22
0.25   7.864311e+22
0.255814   6.868855e+22
0.2616279   7.175623e+22
0.2674419   6.763196e+22
0.2732558   6.586982e+22
0.2790698   6.008577e+22
0.2848837   5.899798e+22
0.2906977   6.007221e+22
0.2965116   5.105856e+22
0.3023256   6.390867e+22
0.3081395   5.007167e+22
0.3139535   4.995027e+22
0.3197674   4.623529e+22
0.3255814   4.371142e+22
0.3313954   4.257756e+22
0.3372093   4.181273e+22
0.3430233   3.712272e+22
0.3488372   4.107239e+22
0.3546512   3.825539e+22
0.3604651   3.400315e+22
0.3662791   3.490854e+22
0.372093   3.720460e+22
0.377907   3.350130e+22
0.3837209   3.186684e+22
0.3895349   3.084207e+22
0.3953488   2.981150e+22
0.4011628   3.045165e+22
0.4069767   2.881764e+22
0.4127907   2.743122e+22
0.4186046   2.867851e+22
0.4244186   2.698125e+22
0.4302326   2.399270e+22
0.4360465   2.526451e+22
0.4418605   2.731880e+22
0.4476744   2.349264e+22
0.4534884   2.278596e+22
0.4593023   2.199714e+22
0.4651163   2.278003e+22
0.4709302   2.101364e+22
0.4767442   2.047195e+22
0.4825581   2.078469e+22
0.4883721   2.078469e+22
0.494186   1.811441e+22
0.5   1.829809e+22
0.505814   1.829809e+22
0.5116279   1.761633e+22
0.5174419   1.770649e+22
0.5232558   1.717303e+22
0.5290698   1.635912e+22
0.5348837   1.549558e+22
0.5406977   1.596879e+22
0.5465117   1.608890e+22
0.5523256   1.571918e+22
0.5581396   1.451634e+22
0.5639535   1.383406e+22
0.5697674   1.383406e+22
0.5755814   1.463589e+22
0.5813953   1.426449e+22
0.5872093   1.312878e+22
0.5930232   1.275146e+22
0.5988372   1.322858e+22
0.6046512   1.177205e+22
0.6104651   1.234700e+22
0.6162791   1.234700e+22
0.622093   1.188457e+22
0.627907   1.109222e+22
0.6337209   1.126285e+22
0.6395349   1.021862e+22
0.6453488   1.021862e+22
0.6511628   1.042102e+22
0.6569768   1.038981e+22
0.6627907   1.038981e+22
0.6686047   1.047528e+22
0.6744186   1.024438e+22
0.6802326   9.208053e+21
0.6860465   9.208053e+21
0.6918604   9.400048e+21
0.6976744   9.400048e+21
0.7034883   9.299103e+21
0.7093023   8.608397e+21
0.7151163   8.608397e+21
0.7209302   8.925291e+21
0.7267442   8.650087e+21
0.7325581   8.650087e+21
0.7383721   7.855721e+21
0.744186   8.834664e+21
0.75   7.882540e+21
0.755814   7.882540e+21
0.7616279   7.848144e+21
0.7674419   7.235277e+21
0.7732558   8.112107e+21
0.7790698   7.683966e+21
0.7848837   7.683966e+21
0.7906977   7.167059e+21
0.7965117   7.218733e+21
0.8023256   7.218733e+21
0.8081396   6.751632e+21
0.8139535   6.751632e+21
0.8197674   6.399669e+21
0.8255814   6.399669e+21
0.8313953   6.589561e+21
0.8372093   6.615682e+21
0.8430232   6.615682e+21
0.8488372   6.206479e+21
0.8546512   6.206479e+21
0.8604651   5.964267e+21
0.8662791   5.964267e+21
0.872093   6.030297e+21
0.877907   5.737734e+21
0.8837209   5.737734e+21
0.8895349   5.735392e+21
0.8953488   5.260491e+21
0.9011628   5.260491e+21
0.9069768   5.485214e+21
0.9127907   5.485214e+21
0.9186047   5.309459e+21
0.9244186   5.169844e+21
0.9302326   5.169844e+21
0.9360465   5.052073e+21
0.9418604   5.052073e+21
0.9476744   4.909903e+21
0.9534883   4.946764e+21
0.9593023   4.946764e+21
0.9651163   4.677417e+21
0.9709302   4.677417e+21
0.9767442   4.676531e+21
0.9825581   4.676531e+21
0.9883721   4.745858e+21
0.994186   4.745858e+21
1   4.745858e+21
