0   769.6797
0.005814   868.9255
0.0116279   969.6714
0.0174419   1061.812
0.0232558   1138.947
0.0290698   1199.475
0.0348837   1246.058
0.0406977   1282.106
0.0465116   1309.858
0.0523256   1332.118
0.0581395   1347.003
0.0639535   1361.917
0.0697674   1373.804
0.0755814   1384.483
0.0813954   1392.3
0.0872093   1399.674
0.0930233   1405.671
0.0988372   1411.289
0.1046512   1415.832
0.1104651   1423.196
0.1162791   1423.99
0.122093   1429.38
0.127907   1428.897
0.1337209   1425.021
0.1395349   1436.938
0.1453488   1428.641
0.1511628   1438.879
0.1569767   1440.286
0.1627907   1442.489
0.1686047   1437.407
0.1744186   1455.078
0.1802326   1447.909
0.1860465   1451.175
0.1918605   1447.637
0.1976744   1451.256
0.2034884   1447.75
0.2093023   1451.502
0.2151163   1451.162
0.2209302   1451.643
0.2267442   1454.733
0.2325581   1448.291
0.2383721   1452.537
0.244186   1461.695
0.25   1456.457
0.255814   1456.162
0.2616279   1455.032
0.2674419   1457.046
0.2732558   1454.53
0.2790698   1458.404
0.2848837   1457.134
0.2906977   1461.953
0.2965116   1458.172
0.3023256   1462.24
0.3081395   1456.879
0.3139535   1457.257
0.3197674   1462.348
0.3255814   1456.592
0.3313954   1462.508
0.3372093   1460.125
0.3430233   1457.818
0.3488372   1462.247
0.3546512   1462.648
0.3604651   1465.169
0.3662791   1465.662
0.372093   1461.556
0.377907   1465.114
0.3837209   1464.401
0.3895349   1462.429
0.3953488   1463.129
0.4011628   1465.194
0.4069767   1463.766
0.4127907   1461.345
0.4186046   1469.262
0.4244186   1463.938
0.4302326   1467.53
0.4360465   1463.989
0.4418605   1463.964
0.4476744   1468.41
0.4534884   1453.173
0.4593023   1467.933
0.4651163   1466.68
0.4709302   1464.038
0.4767442   1465.835
0.4825581   1469.135
0.4883721   1469.135
0.494186   1456.887
0.5   1467.258
0.505814   1467.258
0.5116279   1463.46
0.5174419   1469.263
0.5232558   1464.898
0.5290698   1467.326
0.5348837   1467.142
0.5406977   1464.411
0.5465117   1466.019
0.5523256   1465.544
0.5581396   1466.664
0.5639535   1466.989
0.5697674   1466.989
0.5755814   1465.329
0.5813953   1464.745
0.5872093   1465.414
0.5930232   1465.536
0.5988372   1467.166
0.6046512   1466.147
0.6104651   1465.222
0.6162791   1465.222
0.622093   1468.086
0.627907   1466.04
0.6337209   1468.321
0.6395349   1470.115
0.6453488   1470.115
0.6511628   1467.808
0.6569768   1467.783
0.6627907   1467.783
0.6686047   1464.597
0.6744186   1466.578
0.6802326   1468.533
0.6860465   1468.533
0.6918604   1463.691
0.6976744   1463.691
0.7034883   1472.34
0.7093023   1468.122
0.7151163   1468.122
0.7209302   1468.16
0.7267442   1470.781
0.7325581   1470.781
0.7383721   1469.263
0.744186   1467.044
0.75   1468.436
0.755814   1468.436
0.7616279   1466.809
0.7674419   1466.935
0.7732558   1470.263
0.7790698   1470.145
0.7848837   1470.145
0.7906977   1467.466
0.7965117   1470.484
0.8023256   1470.484
0.8081396   1466.094
0.8139535   1466.094
0.8197674   1462.504
0.8255814   1462.504
0.8313953   1469.9
0.8372093   1468.285
0.8430232   1468.285
0.8488372   1468.785
0.8546512   1468.785
0.8604651   1471.646
0.8662791   1471.646
0.872093   1467.445
0.877907   1470.073
0.8837209   1470.073
0.8895349   1468.817
0.8953488   1469.687
0.9011628   1469.687
0.9069768   1469.582
0.9127907   1469.582
0.9186047   1467.608
0.9244186   1470.113
0.9302326   1470.113
0.9360465   1468.7
0.9418604   1468.7
0.9476744   1468.53
0.9534883   1469.992
0.9593023   1469.992
0.9651163   1470.011
0.9709302   1470.011
0.9767442   1470.861
0.9825581   1470.861
0.9883721   1469.274
0.994186   1469.274
1   1469.274
