0   154.6044
0.005814   139.1456
0.0116279   121.3231
0.0174419   103.1139
0.0232558   86.52708
0.0290698   72.54916
0.0348837   61.27373
0.0406977   52.23881
0.0465116   45.01782
0.0523256   39.26181
0.0581395   35.30465
0.0639535   31.34711
0.0697674   28.06898
0.0755814   25.32377
0.0813954   23.04548
0.0872093   21.06123
0.0930233   19.38838
0.0988372   17.93383
0.1046512   16.63853
0.1104651   15.70681
0.1162791   14.58293
0.122093   14.10426
0.127907   13.0068
0.1337209   11.88675
0.1395349   11.86259
0.1453488   10.66453
0.1511628   10.34876
0.1569767   9.872933
0.1627907   9.865728
0.1686047   9.04868
0.1744186   8.855875
0.1802326   8.466191
0.1860465   8.155681
0.1918605   8.123261
0.1976744   7.84034
0.2034884   7.717002
0.2093023   7.372782
0.2151163   6.947352
0.2209302   6.770064
0.2267442   6.752307
0.2325581   6.585325
0.2383721   6.140556
0.244186   6.140799
0.25   6.021858
0.255814   5.867156
0.2616279   5.559853
0.2674419   5.56488
0.2732558   5.277848
0.2790698   5.281872
0.2848837   5.069127
0.2906977   5.015437
0.2965116   5.125569
0.3023256   4.839396
0.3081395   4.749985
0.3139535   4.517561
0.3197674   4.53969
0.3255814   4.355838
0.3313954   4.434897
0.3372093   4.347087
0.3430233   4.193704
0.3488372   4.162784
0.3546512   4.005741
0.3604651   4.089127
0.3662791   3.921462
0.372093   3.821378
0.377907   3.681161
0.3837209   3.805673
0.3895349   3.741894
0.3953488   3.654782
0.4011628   3.646917
0.4069767   3.553544
0.4127907   3.469472
0.4186046   3.536402
0.4244186   3.34806
0.4302326   3.397398
0.4360465   3.270881
0.4418605   3.283785
0.4476744   3.27324
0.4534884   3.045476
0.4593023   3.22318
0.4651163   3.084556
0.4709302   3.098609
0.4767442   3.067373
0.4825581   3.005808
0.4883721   3.005808
0.494186   2.903738
0.5   2.910201
0.505814   2.910201
0.5116279   2.894354
0.5174419   2.900142
0.5232558   2.827482
0.5290698   2.851754
0.5348837   2.791835
0.5406977   2.763089
0.5465117   2.705649
0.5523256   2.712128
0.5581396   2.76429
0.5639535   2.668225
0.5697674   2.668225
0.5755814   2.604221
0.5813953   2.499264
0.5872093   2.623495
0.5930232   2.601831
0.5988372   2.534272
0.6046512   2.521443
0.6104651   2.484195
0.6162791   2.484195
0.622093   2.502653
0.627907   2.488234
0.6337209   2.463742
0.6395349   2.453632
0.6453488   2.453632
0.6511628   2.423385
0.6569768   2.35927
0.6627907   2.35927
0.6686047   2.315769
0.6744186   2.323395
0.6802326   2.349473
0.6860465   2.349473
0.6918604   2.273285
0.6976744   2.273285
0.7034883   2.284577
0.7093023   2.280333
0.7151163   2.280333
0.7209302   2.190095
0.7267442   2.210325
0.7325581   2.210325
0.7383721   2.249005
0.744186   2.061779
0.75   2.235282
0.755814   2.235282
0.7616279   2.113436
0.7674419   2.170652
0.7732558   2.117596
0.7790698   2.000891
0.7848837   2.000891
0.7906977   2.108391
0.7965117   2.060428
0.8023256   2.060428
0.8081396   2.073861
0.8139535   2.073861
0.8197674   2.057709
0.8255814   2.057709
0.8313953   2.051776
0.8372093   1.97639
0.8430232   1.97639
0.8488372   1.993205
0.8546512   1.993205
0.8604651   1.962857
0.8662791   1.962857
0.872093   1.96382
0.877907   1.968798
0.8837209   1.968798
0.8895349   1.955873
0.8953488   1.978951
0.9011628   1.978951
0.9069768   1.917985
0.9127907   1.917985
0.9186047   1.889052
0.9244186   1.920905
0.9302326   1.920905
0.9360465   1.896685
0.9418604   1.896685
0.9476744   1.892537
0.9534883   1.86745
0.9593023   1.86745
0.9651163   1.866971
0.9709302   1.866971
0.9767442   1.865286
0.9825581   1.865286
0.9883721   1.799792
0.994186   1.799792
1   1.799792
