0   152.7354
0.005814   137.2748
0.0116279   119.5894
0.0174419   101.5355
0.0232558   85.11435
0.0290698   71.37493
0.0348837   60.3257
0.0406977   51.49894
0.0465116   44.49177
0.0523256   38.90186
0.0581395   35.08509
0.0639535   31.29076
0.0697674   28.19531
0.0755814   25.55874
0.0813954   23.39795
0.0872093   21.5662
0.0930233   19.98997
0.0988372   18.64644
0.1046512   17.44003
0.1104651   16.93896
0.1162791   15.65512
0.122093   15.58154
0.127907   14.17653
0.1337209   12.65834
0.1395349   13.55384
0.1453488   11.45955
0.1511628   11.42869
0.1569767   11.10963
0.1627907   11.72803
0.1686047   10.36656
0.1744186   10.53203
0.1802326   10.22421
0.1860465   9.876884
0.1918605   10.1211
0.1976744   9.776518
0.2034884   10.05789
0.2093023   9.541249
0.2151163   8.809824
0.2209302   8.656944
0.2267442   8.897685
0.2325581   8.951416
0.2383721   7.937424
0.244186   8.278101
0.25   8.11381
0.255814   7.970978
0.2616279   7.465783
0.2674419   7.62243
0.2732558   7.136599
0.2790698   7.319154
0.2848837   6.947069
0.2906977   6.986255
0.2965116   7.56249
0.3023256   6.86704
0.3081395   6.839859
0.3139535   6.383249
0.3197674   6.592767
0.3255814   6.165254
0.3313954   6.596883
0.3372093   6.498198
0.3430233   6.244525
0.3488372   6.246874
0.3546512   5.929666
0.3604651   6.251457
0.3662791   5.937231
0.372093   5.750854
0.377907   5.492677
0.3837209   5.954401
0.3895349   5.842641
0.3953488   5.664356
0.4011628   5.724187
0.4069767   5.618314
0.4127907   5.440854
0.4186046   5.689712
0.4244186   5.26504
0.4302326   5.462326
0.4360465   5.178283
0.4418605   5.301
0.4476744   5.347344
0.4534884   4.863034
0.4593023   5.359926
0.4651163   5.05882
0.4709302   5.123242
0.4767442   5.104996
0.4825581   5.028298
0.4883721   5.028298
0.494186   4.815215
0.5   4.907637
0.505814   4.907637
0.5116279   4.963842
0.5174419   5.016337
0.5232558   4.831736
0.5290698   4.949985
0.5348837   4.875136
0.5406977   4.839239
0.5465117   4.690727
0.5523256   4.748679
0.5581396   4.935917
0.5639535   4.754145
0.5697674   4.754145
0.5755814   4.599062
0.5813953   4.348742
0.5872093   4.742572
0.5930232   4.71656
0.5988372   4.584424
0.6046512   4.546204
0.6104651   4.534657
0.6162791   4.534657
0.622093   4.614226
0.627907   4.612486
0.6337209   4.567629
0.6395349   4.617562
0.6453488   4.617562
0.6511628   4.585112
0.6569768   4.437104
0.6627907   4.437104
0.6686047   4.342748
0.6744186   4.396733
0.6802326   4.504648
0.6860465   4.504648
0.6918604   4.374613
0.6976744   4.374613
0.7034883   4.411421
0.7093023   4.463037
0.7151163   4.463037
0.7209302   4.239884
0.7267442   4.31726
0.7325581   4.31726
0.7383721   4.479727
0.744186   3.945762
0.75   4.472985
0.755814   4.472985
0.7616279   4.156279
0.7674419   4.359643
0.7732558   4.206386
0.7790698   3.914821
0.7848837   3.914821
0.7906977   4.256225
0.7965117   4.145201
0.8023256   4.145201
0.8081396   4.220645
0.8139535   4.220645
0.8197674   4.211023
0.8255814   4.211023
0.8313953   4.208489
0.8372093   4.034631
0.8430232   4.034631
0.8488372   4.102064
0.8546512   4.102064
0.8604651   4.070417
0.8662791   4.070417
0.872093   4.082839
0.877907   4.113887
0.8837209   4.113887
0.8895349   4.102563
0.8953488   4.202251
0.9011628   4.202251
0.9069768   4.037601
0.9127907   4.037601
0.9186047   3.986523
0.9244186   4.100504
0.9302326   4.100504
0.9360465   4.051312
0.9418604   4.051312
0.9476744   4.057389
0.9534883   4.007044
0.9593023   4.007044
0.9651163   4.034564
0.9709302   4.034564
0.9767442   4.043518
0.9825581   4.043518
0.9883721   3.891657
0.994186   3.891657
1   3.891657
