0   155.5992
0.005814   140.1782
0.0116279   122.3715
0.0174419   104.1534
0.0232558   87.50732
0.0290698   73.42873
0.0348837   61.95623
0.0406977   52.80671
0.0465116   45.45936
0.0523256   39.56807
0.0581395   35.51142
0.0639535   31.42526
0.0697674   28.03956
0.0755814   25.24515
0.0813954   22.89058
0.0872093   20.84321
0.0930233   19.10462
0.0988372   17.58623
0.1046512   16.23705
0.1104651   15.1482
0.1162791   14.04539
0.122093   13.38787
0.127907   12.39126
0.1337209   11.39326
0.1395349   11.03227
0.1453488   10.22411
0.1511628   9.799385
0.1569767   9.348147
0.1627907   8.969771
0.1686047   8.372213
0.1744186   8.074829
0.1802326   7.589664
0.1860465   7.310706
0.1918605   7.159097
0.1976744   6.929525
0.2034884   6.590347
0.2093023   6.316293
0.2151163   6.033668
0.2209302   5.843388
0.2267442   5.698237
0.2325581   5.406271
0.2383721   5.253685
0.244186   5.087132
0.25   5.004372
0.255814   4.8407
0.2616279   4.598788
0.2674419   4.544249
0.2732558   4.353402
0.2790698   4.278588
0.2848837   4.138975
0.2906977   4.045366
0.2965116   3.934485
0.3023256   3.829689
0.3081395   3.711678
0.3139535   3.597803
0.3197674   3.522605
0.3255814   3.463593
0.3313954   3.354783
0.3372093   3.276996
0.3430233   3.182617
0.3488372   3.133593
0.3546512   3.027502
0.3604651   3.015385
0.3662791   2.921815
0.372093   2.854939
0.377907   2.779343
0.3837209   2.721663
0.3895349   2.701333
0.3953488   2.656551
0.4011628   2.614671
0.4069767   2.519274
0.4127907   2.485829
0.4186046   2.465131
0.4244186   2.399293
0.4302326   2.372163
0.4360465   2.323256
0.4418605   2.279031
0.4476744   2.252333
0.4534884   2.133843
0.4593023   2.163456
0.4651163   2.098561
0.4709302   2.085575
0.4767442   2.057682
0.4825581   1.991184
0.4883721   1.991184
0.494186   1.940099
0.5   1.904067
0.505814   1.904067
0.5116279   1.861475
0.5174419   1.840403
0.5232558   1.831858
0.5290698   1.803847
0.5348837   1.755284
0.5406977   1.726561
0.5465117   1.716866
0.5523256   1.700099
0.5581396   1.691252
0.5639535   1.634379
0.5697674   1.634379
0.5755814   1.616356
0.5813953   1.582818
0.5872093   1.578228
0.5930232   1.559447
0.5988372   1.515516
0.6046512   1.52536
0.6104651   1.455977
0.6162791   1.455977
0.622093   1.454204
0.627907   1.434629
0.6337209   1.421206
0.6395349   1.380012
0.6453488   1.380012
0.6511628   1.353518
0.6569768   1.329328
0.6627907   1.329328
0.6686047   1.311257
0.6744186   1.300951
0.6802326   1.2836
0.6860465   1.2836
0.6918604   1.223738
0.6976744   1.223738
0.7034883   1.233366
0.7093023   1.194919
0.7151163   1.194919
0.7209302   1.171541
0.7267442   1.166767
0.7325581   1.166767
0.7383721   1.14417
0.744186   1.128876
0.75   1.125037
0.755814   1.125037
0.7616279   1.101499
0.7674419   1.081122
0.7732558   1.080675
0.7790698   1.044168
0.7848837   1.044168
0.7906977   1.038149
0.7965117   1.018194
0.8023256   1.018194
0.8081396   1.007672
0.8139535   1.007672
0.8197674   0.9885894
0.8255814   0.9885894
0.8313953   0.9798033
0.8372093   0.9463918
0.8430232   0.9463918
0.8488372   0.9447476
0.8546512   0.9447476
0.8604651   0.9059867
0.8662791   0.9059867
0.872093   0.9073877
0.877907   0.9014866
0.8837209   0.9014866
0.8895349   0.8886539
0.8953488   0.8728547
0.9011628   0.8728547
0.9069768   0.8624238
0.9127907   0.8624238
0.9186047   0.8422627
0.9244186   0.834053
0.9302326   0.834053
0.9360465   0.8237029
0.9418604   0.8237029
0.9476744   0.8152527
0.9534883   0.8016695
0.9593023   0.8016695
0.9651163   0.7895236
0.9709302   0.7895236
0.9767442   0.7836812
0.9825581   0.7836812
0.9883721   0.7611713
0.994186   0.7611713
1   0.7611713
