0   155.4786
0.005814   139.9837
0.0116279   122.0084
0.0174419   103.6528
0.0232558   86.95958
0.0290698   72.84385
0.0348837   61.53926
0.0406977   52.41073
0.0465116   45.10233
0.0523256   39.31549
0.0581395   35.31739
0.0639535   31.32535
0.0697674   27.97206
0.0755814   25.16738
0.0813954   22.84792
0.0872093   20.77428
0.0930233   19.07049
0.0988372   17.5688
0.1046512   16.23847
0.1104651   15.03325
0.1162791   14.0483
0.122093   13.34335
0.127907   12.45263
0.1337209   11.60862
0.1395349   11.00168
0.1453488   10.30992
0.1511628   9.818187
0.1569767   9.16102
0.1627907   8.899367
0.1686047   8.407286
0.1744186   7.960748
0.1802326   7.584726
0.1860465   7.2794
0.1918605   7.089614
0.1976744   6.814948
0.2034884   6.502745
0.2093023   6.260756
0.2151163   5.998602
0.2209302   5.80989
0.2267442   5.661036
0.2325581   5.398404
0.2383721   5.230506
0.244186   5.057166
0.25   4.947385
0.255814   4.789808
0.2616279   4.614965
0.2674419   4.527993
0.2732558   4.343576
0.2790698   4.247912
0.2848837   4.121274
0.2906977   4.014708
0.2965116   3.879732
0.3023256   3.821502
0.3081395   3.69842
0.3139535   3.571647
0.3197674   3.503692
0.3255814   3.438676
0.3313954   3.352976
0.3372093   3.266057
0.3430233   3.153933
0.3488372   3.107784
0.3546512   3.060073
0.3604651   3.000576
0.3662791   2.905341
0.372093   2.858332
0.377907   2.77141
0.3837209   2.740941
0.3895349   2.681701
0.3953488   2.643385
0.4011628   2.60184
0.4069767   2.523049
0.4127907   2.48175
0.4186046   2.454415
0.4244186   2.379785
0.4302326   2.357675
0.4360465   2.311144
0.4418605   2.271364
0.4476744   2.220042
0.4534884   2.139581
0.4593023   2.146113
0.4651163   2.09623
0.4709302   2.087033
0.4767442   2.03941
0.4825581   1.997877
0.4883721   1.997877
0.494186   1.955848
0.5   1.918934
0.505814   1.918934
0.5116279   1.857726
0.5174419   1.843697
0.5232558   1.81883
0.5290698   1.80141
0.5348837   1.745098
0.5406977   1.723408
0.5465117   1.709397
0.5523256   1.687546
0.5581396   1.665748
0.5639535   1.616137
0.5697674   1.616137
0.5755814   1.597288
0.5813953   1.566212
0.5872093   1.549658
0.5930232   1.529435
0.5988372   1.502823
0.6046512   1.492709
0.6104651   1.461931
0.6162791   1.461931
0.622093   1.439542
0.627907   1.417607
0.6337209   1.402369
0.6395349   1.363307
0.6453488   1.363307
0.6511628   1.331487
0.6569768   1.31129
0.6627907   1.31129
0.6686047   1.293249
0.6744186   1.272493
0.6802326   1.260158
0.6860465   1.260158
0.6918604   1.221446
0.6976744   1.221446
0.7034883   1.208986
0.7093023   1.183078
0.7151163   1.183078
0.7209302   1.15887
0.7267442   1.14693
0.7325581   1.14693
0.7383721   1.123098
0.744186   1.110723
0.75   1.107857
0.755814   1.107857
0.7616279   1.082586
0.7674419   1.071226
0.7732558   1.065755
0.7790698   1.043653
0.7848837   1.043653
0.7906977   1.030821
0.7965117   1.017931
0.8023256   1.017931
0.8081396   0.9932677
0.8139535   0.9932677
0.8197674   0.9734866
0.8255814   0.9734866
0.8313953   0.9670432
0.8372093   0.9480953
0.8430232   0.9480953
0.8488372   0.9328326
0.8546512   0.9328326
0.8604651   0.9122186
0.8662791   0.9122186
0.872093   0.9012685
0.877907   0.8910567
0.8837209   0.8910567
0.8895349   0.8763598
0.8953488   0.8616996
0.9011628   0.8616996
0.9069768   0.8538992
0.9127907   0.8538992
0.9186047   0.8383755
0.9244186   0.8281313
0.9302326   0.8281313
0.9360465   0.8150593
0.9418604   0.8150593
0.9476744   0.8050196
0.9534883   0.793608
0.9593023   0.793608
0.9651163   0.7768278
0.9709302   0.7768278
0.9767442   0.7686729
0.9825581   0.7686729
0.9883721   0.7465419
0.994186   0.7465419
1   0.7465419
