0   1.050351
0.005814   1.246579
0.0116279   1.486185
0.0174419   1.762085
0.0232558   2.060328
0.0290698   2.367584
0.0348837   2.676938
0.0406977   2.983178
0.0465116   3.285226
0.0523256   3.5834
0.0581395   3.825363
0.0639535   4.111056
0.0697674   4.388715
0.0755814   4.657458
0.0813954   4.919992
0.0872093   5.176542
0.0930233   5.427809
0.0988372   5.672871
0.1046512   5.909816
0.1104651   6.140955
0.1162791   6.374022
0.122093   6.505635
0.127907   6.770864
0.1337209   6.984322
0.1395349   7.300881
0.1453488   7.464732
0.1511628   7.540121
0.1569767   7.71111
0.1627907   7.942849
0.1686047   8.214207
0.1744186   8.416746
0.1802326   8.446829
0.1860465   8.719423
0.1918605   8.760194
0.1976744   8.962928
0.2034884   9.153553
0.2093023   9.357483
0.2151163   9.498366
0.2209302   9.73644
0.2267442   9.823105
0.2325581   9.860646
0.2383721   10.15042
0.244186   10.26506
0.25   10.53462
0.255814   10.6532
0.2616279   10.82392
0.2674419   10.84135
0.2732558   10.98267
0.2790698   11.05117
0.2848837   11.24313
0.2906977   11.40356
0.2965116   11.47368
0.3023256   11.83654
0.3081395   11.74086
0.3139535   11.90038
0.3197674   11.95066
0.3255814   11.93852
0.3313954   12.17366
0.3372093   12.36573
0.3430233   12.48091
0.3488372   12.77997
0.3546512   12.66503
0.3604651   12.81651
0.3662791   12.93542
0.372093   12.99014
0.377907   13.19255
0.3837209   13.42277
0.3895349   13.33188
0.3953488   13.41269
0.4011628   13.65412
0.4069767   13.83465
0.4127907   13.55697
0.4186046   13.95798
0.4244186   13.8899
0.4302326   14.08351
0.4360465   14.23727
0.4418605   14.28792
0.4476744   14.31665
0.4534884   14.31798
0.4593023   14.32817
0.4651163   14.68933
0.4709302   14.52316
0.4767442   15.05012
0.4825581   14.67227
0.4883721   14.93008
0.494186   15.26539
0.5   15.0759
0.505814   15.19237
0.5116279   15.1483
0.5174419   15.25605
0.5232558   15.46917
0.5290698   15.46917
0.5348837   15.24728
0.5406977   15.83053
0.5465117   15.83053
0.5523256   15.9226
0.5581396   15.95191
0.5639535   16.02446
0.5697674   16.02446
0.5755814   16.091
0.5813953   16.3049
0.5872093   16.3049
0.5930232   16.37279
0.5988372   16.59995
0.6046512   16.59995
0.6104651   16.60059
0.6162791   16.60059
0.622093   16.74221
0.627907   16.74221
0.6337209   16.85175
0.6395349   16.85175
0.6453488   16.9863
0.6511628   16.94276
0.6569768   17.14241
0.6627907   17.25168
0.6686047   17.25168
0.6744186   17.36214
0.6802326   17.32949
0.6860465   17.55221
0.6918604   17.49671
0.6976744   17.59395
0.7034883   17.59395
0.7093023   17.6653
0.7151163   17.6653
0.7209302   17.8596
0.7267442   18.02043
0.7325581   18.02043
0.7383721   17.96167
0.744186   17.96436
0.75   17.96436
0.755814   18.32596
0.7616279   18.32596
0.7674419   18.39467
0.7732558   18.39467
0.7790698   18.54
0.7848837   18.54
0.7906977   18.45271
0.7965117   18.58418
0.8023256   18.58418
0.8081396   18.63149
0.8139535   18.63149
0.8197674   18.70245
0.8255814   18.69844
0.8313953   18.69844
0.8372093   19.00998
0.8430232   19.00998
0.8488372   18.96783
0.8546512   18.96783
0.8604651   19.00156
0.8662791   19.21172
0.872093   19.21172
0.877907   19.21257
0.8837209   19.21257
0.8895349   19.27139
0.8953488   19.45503
0.9011628   19.45503
0.9069768   19.32587
0.9127907   19.32587
0.9186047   19.39878
0.9244186   19.76117
0.9302326   19.76117
0.9360465   19.72158
0.9418604   19.72158
0.9476744   19.76459
0.9534883   19.76459
0.9593023   20.00961
0.9651163   20.00961
0.9709302   20.00961
0.9767442   19.55229
0.9825581   19.55229
0.9883721   19.86318
0.994186   20.36108
1   20.36108
