0   2.217987e-10
0.005814   2.698253e-10
0.0116279   3.463275e-10
0.0174419   4.645293e-10
0.0232558   6.351820e-10
0.0290698   8.674872e-10
0.0348837   1.169030e-9
0.0406977   1.546412e-9
0.0465116   2.005954e-9
0.0523256   2.555315e-9
0.0581395   3.088343e-9
0.0639535   3.822691e-9
0.0697674   4.659480e-9
0.0755814   5.607051e-9
0.0813954   6.675350e-9
0.0872093   7.867032e-9
0.0930233   9.160484e-9
0.0988372   1.062013e-8
0.1046512   1.219251e-8
0.1104651   1.388472e-8
0.1162791   1.570073e-8
0.122093   1.761251e-8
0.127907   1.929346e-8
0.1337209   2.147690e-8
0.1395349   2.350657e-8
0.1453488   2.640084e-8
0.1511628   2.903577e-8
0.1569767   3.304372e-8
0.1627907   3.541695e-8
0.1686047   3.746919e-8
0.1744186   3.904549e-8
0.1802326   4.296788e-8
0.1860465   4.983590e-8
0.1918605   5.400995e-8
0.1976744   5.224728e-8
0.2034884   6.177912e-8
0.2093023   7.064589e-8
0.2151163   6.922362e-8
0.2209302   7.125574e-8
0.2267442   7.451381e-8
0.2325581   8.304627e-8
0.2383721   7.381683e-8
0.244186   7.565457e-8
0.25   9.644371e-8
0.255814   9.931307e-8
0.2616279   1.079817e-7
0.2674419   1.118083e-7
0.2732558   1.151601e-7
0.2790698   1.131852e-7
0.2848837   1.235072e-7
0.2906977   1.357540e-7
0.2965116   1.042975e-7
0.3023256   1.329187e-7
0.3081395   1.121848e-7
0.3139535   1.472374e-7
0.3197674   1.643706e-7
0.3255814   1.382766e-7
0.3313954   1.632872e-7
0.3372093   1.751342e-7
0.3430233   1.680492e-7
0.3488372   1.857219e-7
0.3546512   1.856801e-7
0.3604651   2.041304e-7
0.3662791   2.153618e-7
0.372093   2.091514e-7
0.377907   2.031061e-7
0.3837209   2.185369e-7
0.3895349   2.299981e-7
0.3953488   2.472611e-7
0.4011628   2.518427e-7
0.4069767   2.618550e-7
0.4127907   2.881990e-7
0.4186046   2.570652e-7
0.4244186   2.435418e-7
0.4302326   2.969217e-7
0.4360465   2.806023e-7
0.4418605   2.870373e-7
0.4476744   3.374799e-7
0.4534884   3.435802e-7
0.4593023   2.731550e-7
0.4651163   3.457567e-7
0.4709302   2.953311e-7
0.4767442   2.923269e-7
0.4825581   4.461469e-7
0.4883721   4.603145e-7
0.494186   3.705903e-7
0.5   3.828699e-7
0.505814   4.013914e-7
0.5116279   3.837545e-7
0.5174419   4.381176e-7
0.5232558   4.768938e-7
0.5290698   4.768938e-7
0.5348837   4.558254e-7
0.5406977   5.094142e-7
0.5465117   5.094142e-7
0.5523256   4.806947e-7
0.5581396   4.688243e-7
0.5639535   5.795450e-7
0.5697674   5.795450e-7
0.5755814   5.931677e-7
0.5813953   5.521105e-7
0.5872093   5.521105e-7
0.5930232   5.706339e-7
0.5988372   5.617889e-7
0.6046512   5.617889e-7
0.6104651   7.622357e-7
0.6162791   7.622357e-7
0.622093   6.817401e-7
0.627907   6.817401e-7
0.6337209   7.761756e-7
0.6395349   7.761756e-7
0.6453488   8.107914e-7
0.6511628   8.814670e-7
0.6569768   1.037702e-6
0.6627907   8.195386e-7
0.6686047   8.195386e-7
0.6744186   1.041444e-6
0.6802326   1.011061e-6
0.6860465   9.350773e-7
0.6918604   8.341460e-7
0.6976744   7.941102e-7
0.7034883   7.941102e-7
0.7093023   1.006250e-6
0.7151163   1.006250e-6
0.7209302   1.029972e-6
0.7267442   1.095448e-6
0.7325581   1.095448e-6
0.7383721   1.201327e-6
0.744186   8.984414e-7
0.75   8.984414e-7
0.755814   1.039898e-6
0.7616279   1.039898e-6
0.7674419   1.347404e-6
0.7732558   1.347404e-6
0.7790698   1.361648e-6
0.7848837   1.361648e-6
0.7906977   1.495963e-6
0.7965117   1.402315e-6
0.8023256   1.402315e-6
0.8081396   1.460972e-6
0.8139535   1.460972e-6
0.8197674   1.489665e-6
0.8255814   1.514006e-6
0.8313953   1.514006e-6
0.8372093   1.524572e-6
0.8430232   1.524572e-6
0.8488372   1.600053e-6
0.8546512   1.600053e-6
0.8604651   1.633126e-6
0.8662791   1.766410e-6
0.872093   1.766410e-6
0.877907   1.894960e-6
0.8837209   1.894960e-6
0.8895349   1.764454e-6
0.8953488   1.914463e-6
0.9011628   1.914463e-6
0.9069768   1.791164e-6
0.9127907   1.791164e-6
0.9186047   1.985942e-6
0.9244186   1.939585e-6
0.9302326   1.939585e-6
0.9360465   2.053132e-6
0.9418604   2.053132e-6
0.9476744   2.052273e-6
0.9534883   2.052273e-6
0.9593023   2.165813e-6
0.9651163   2.165813e-6
0.9709302   2.165813e-6
0.9767442   2.263263e-6
0.9825581   2.263263e-6
0.9883721   2.439834e-6
0.994186   2.644850e-6
1   2.644850e-6
