0   2.014848e-7
0.005814   2.329531e-7
0.0116279   2.797523e-7
0.0174419   3.466511e-7
0.0232558   4.350304e-7
0.0290698   5.447053e-7
0.0348837   6.748316e-7
0.0406977   8.242455e-7
0.0465116   9.921960e-7
0.0523256   1.178520e-6
0.0581395   1.349479e-6
0.0639535   1.571317e-6
0.0697674   1.810422e-6
0.0755814   2.068026e-6
0.0813954   2.344933e-6
0.0872093   2.640367e-6
0.0930233   2.945328e-6
0.0988372   3.279884e-6
0.1046512   3.625858e-6
0.1104651   3.984327e-6
0.1162791   4.352694e-6
0.122093   4.802050e-6
0.127907   5.053957e-6
0.1337209   5.465153e-6
0.1395349   5.700927e-6
0.1453488   6.288583e-6
0.1511628   6.882731e-6
0.1569767   7.656771e-6
0.1627907   8.003425e-6
0.1686047   8.157961e-6
0.1744186   8.305305e-6
0.1802326   9.145790e-6
0.1860465   0.0000102
0.1918605   0.0000111
0.1976744   0.0000105
0.2034884   0.0000121
0.2093023   0.0000136
0.2151163   0.0000131
0.2209302   0.0000132
0.2267442   0.0000137
0.2325581   0.0000152
0.2383721   0.0000131
0.244186   0.0000133
0.25   0.0000165
0.255814   0.0000168
0.2616279   0.000018
0.2674419   0.0000186
0.2732558   0.0000189
0.2790698   0.0000185
0.2848837   0.00002
0.2906977   0.0000215
0.2965116   0.0000164
0.3023256   0.0000203
0.3081395   0.0000173
0.3139535   0.0000224
0.3197674   0.000025
0.3255814   0.000021
0.3313954   0.0000245
0.3372093   0.0000257
0.3430233   0.0000244
0.3488372   0.0000264
0.3546512   0.0000266
0.3604651   0.0000289
0.3662791   0.0000302
0.372093   0.0000292
0.377907   0.000028
0.3837209   0.0000296
0.3895349   0.0000313
0.3953488   0.0000334
0.4011628   0.0000335
0.4069767   0.0000344
0.4127907   0.0000386
0.4186046   0.0000335
0.4244186   0.0000319
0.4302326   0.0000383
0.4360465   0.0000358
0.4418605   0.0000365
0.4476744   0.0000428
0.4534884   0.0000436
0.4593023   0.0000347
0.4651163   0.0000428
0.4709302   0.000037
0.4767442   0.0000353
0.4825581   0.0000553
0.4883721   0.0000562
0.494186   0.0000441
0.5   0.0000462
0.505814   0.0000481
0.5116279   0.000046
0.5174419   0.0000523
0.5232558   0.0000561
0.5290698   0.0000561
0.5348837   0.0000543
0.5406977   0.0000586
0.5465117   0.0000586
0.5523256   0.0000548
0.5581396   0.0000535
0.5639535   0.0000658
0.5697674   0.0000658
0.5755814   0.0000671
0.5813953   0.0000616
0.5872093   0.0000616
0.5930232   0.0000635
0.5988372   0.0000617
0.6046512   0.0000617
0.6104651   0.0000836
0.6162791   0.0000836
0.622093   0.0000742
0.627907   0.0000742
0.6337209   0.0000838
0.6395349   0.0000838
0.6453488   0.000087
0.6511628   0.0000948
0.6569768   0.0001102
0.6627907   0.0000865
0.6686047   0.0000865
0.6744186   0.0001091
0.6802326   0.0001062
0.6860465   0.000097
0.6918604   0.0000868
0.6976744   0.0000822
0.7034883   0.0000822
0.7093023   0.000104
0.7151163   0.000104
0.7209302   0.000105
0.7267442   0.0001107
0.7325581   0.0001107
0.7383721   0.000122
0.744186   0.0000909
0.75   0.0000909
0.755814   0.0001033
0.7616279   0.0001033
0.7674419   0.0001336
0.7732558   0.0001336
0.7790698   0.0001337
0.7848837   0.0001337
0.7906977   0.0001478
0.7965117   0.0001375
0.8023256   0.0001375
0.8081396   0.0001428
0.8139535   0.0001428
0.8197674   0.0001452
0.8255814   0.0001476
0.8313953   0.0001476
0.8372093   0.0001462
0.8430232   0.0001462
0.8488372   0.000154
0.8546512   0.000154
0.8604651   0.0001568
0.8662791   0.0001675
0.872093   0.0001675
0.877907   0.0001797
0.8837209   0.0001797
0.8895349   0.0001669
0.8953488   0.0001794
0.9011628   0.0001794
0.9069768   0.0001689
0.9127907   0.0001689
0.9186047   0.0001871
0.9244186   0.0001787
0.9302326   0.0001787
0.9360465   0.0001899
0.9418604   0.0001899
0.9476744   0.0001894
0.9534883   0.0001894
0.9593023   0.0001974
0.9651163   0.0001974
0.9709302   0.0001974
0.9767442   0.0002109
0.9825581   0.0002109
0.9883721   0.0002242
0.994186   0.0002368
1   0.0002368
