0   1.693821e+25
0.005814   1.442584e+25
0.0116279   1.176599e+25
0.0174419   9.258913e+24
0.0232558   7.183593e+24
0.0290698   5.574560e+24
0.0348837   4.376096e+24
0.0406977   3.490915e+24
0.0465116   2.828092e+24
0.0523256   2.327335e+24
0.0581395   1.998483e+24
0.0639535   1.682053e+24
0.0697674   1.432246e+24
0.0755814   1.234252e+24
0.0813954   1.071710e+24
0.0872093   9.378145e+23
0.0930233   8.259624e+23
0.0988372   7.329783e+23
0.1046512   6.545978e+23
0.1104651   5.877260e+23
0.1162791   5.298329e+23
0.122093   4.800230e+23
0.127907   4.454201e+23
0.1337209   4.074750e+23
0.1395349   3.842068e+23
0.1453488   3.425343e+23
0.1511628   3.165509e+23
0.1569767   2.818095e+23
0.1627907   2.643070e+23
0.1686047   2.539562e+23
0.1744186   2.417088e+23
0.1802326   2.210129e+23
0.1860465   2.111171e+23
0.1918605   1.835901e+23
0.1976744   1.827564e+23
0.2034884   1.713681e+23
0.2093023   1.626915e+23
0.2151163   1.526453e+23
0.2209302   1.501559e+23
0.2267442   1.518468e+23
0.2325581   1.233260e+23
0.2383721   1.274546e+23
0.244186   1.240804e+23
0.25   1.156663e+23
0.255814   1.164989e+23
0.2616279   1.084376e+23
0.2674419   9.464056e+22
0.2732558   1.038156e+23
0.2790698   8.944874e+22
0.2848837   8.783588e+22
0.2906977   8.456847e+22
0.2965116   7.848561e+22
0.3023256   7.924660e+22
0.3081395   7.629107e+22
0.3139535   7.297370e+22
0.3197674   6.703324e+22
0.3255814   6.455535e+22
0.3313954   5.910796e+22
0.3372093   6.121358e+22
0.3430233   6.278179e+22
0.3488372   5.876435e+22
0.3546512   5.649745e+22
0.3604651   5.527533e+22
0.3662791   5.208957e+22
0.372093   5.185635e+22
0.377907   5.377352e+22
0.3837209   4.934681e+22
0.3895349   4.747750e+22
0.3953488   4.604850e+22
0.4011628   4.472051e+22
0.4069767   4.621844e+22
0.4127907   3.786060e+22
0.4186046   4.364330e+22
0.4244186   3.734990e+22
0.4302326   3.919119e+22
0.4360465   3.731539e+22
0.4418605   3.864844e+22
0.4476744   3.475143e+22
0.4534884   3.306632e+22
0.4593023   3.464437e+22
0.4651163   3.395772e+22
0.4709302   3.080832e+22
0.4767442   3.005729e+22
0.4825581   2.864661e+22
0.4883721   2.877240e+22
0.494186   2.945456e+22
0.5   2.850772e+22
0.505814   2.822262e+22
0.5116279   2.487700e+22
0.5174419   2.654885e+22
0.5232558   2.319306e+22
0.5290698   2.319306e+22
0.5348837   2.105994e+22
0.5406977   2.437967e+22
0.5465117   2.437967e+22
0.5523256   2.179552e+22
0.5581396   2.308468e+22
0.5639535   2.124068e+22
0.5697674   2.124068e+22
0.5755814   2.147931e+22
0.5813953   2.042228e+22
0.5872093   2.042228e+22
0.5930232   2.070452e+22
0.5988372   1.904506e+22
0.6046512   1.904506e+22
0.6104651   1.828444e+22
0.6162791   1.828444e+22
0.622093   1.790679e+22
0.627907   1.790679e+22
0.6337209   1.672728e+22
0.6395349   1.672728e+22
0.6453488   1.704217e+22
0.6511628   1.587708e+22
0.6569768   1.620685e+22
0.6627907   1.524044e+22
0.6686047   1.524044e+22
0.6744186   1.520488e+22
0.6802326   1.446513e+22
0.6860465   1.493523e+22
0.6918604   1.466617e+22
0.6976744   1.422221e+22
0.7034883   1.422221e+22
0.7093023   1.391017e+22
0.7151163   1.391017e+22
0.7209302   1.324428e+22
0.7267442   1.259683e+22
0.7325581   1.259683e+22
0.7383721   1.276938e+22
0.744186   1.248314e+22
0.75   1.248314e+22
0.755814   1.180433e+22
0.7616279   1.180433e+22
0.7674419   1.169855e+22
0.7732558   1.169855e+22
0.7790698   1.150193e+22
0.7848837   1.150193e+22
0.7906977   1.081378e+22
0.7965117   1.093696e+22
0.8023256   1.093696e+22
0.8081396   1.039364e+22
0.8139535   1.039364e+22
0.8197674   1.009908e+22
0.8255814   9.624164e+21
0.8313953   9.624164e+21
0.8372093   9.700076e+21
0.8430232   9.700076e+21
0.8488372   9.694732e+21
0.8546512   9.694732e+21
0.8604651   9.079994e+21
0.8662791   8.952884e+21
0.872093   8.952884e+21
0.877907   8.749306e+21
0.8837209   8.749306e+21
0.8895349   8.562148e+21
0.8953488   8.737133e+21
0.9011628   8.737133e+21
0.9069768   7.806940e+21
0.9127907   7.806940e+21
0.9186047   7.899390e+21
0.9244186   7.949114e+21
0.9302326   7.949114e+21
0.9360465   7.724745e+21
0.9418604   7.724745e+21
0.9476744   7.512889e+21
0.9534883   7.512889e+21
0.9593023   7.670041e+21
0.9651163   7.670041e+21
0.9709302   7.670041e+21
0.9767442   6.348590e+21
0.9825581   6.348590e+21
0.9883721   6.943719e+21
0.994186   7.018585e+21
1   7.018585e+21
