0   771.9176
0.005814   870.6806
0.0116279   971.2092
0.0174419   1063.799
0.0232558   1141.593
0.0290698   1202.699
0.0348837   1250.148
0.0406977   1286.364
0.0465116   1314.604
0.0523256   1337.03
0.0581395   1352.28
0.0639535   1367.103
0.0697674   1379.536
0.0755814   1389.708
0.0813954   1398.216
0.0872093   1405.55
0.0930233   1411.865
0.0988372   1417.375
0.1046512   1421.821
0.1104651   1425.63
0.1162791   1429.569
0.122093   1434.988
0.127907   1434.891
0.1337209   1437.832
0.1395349   1432.467
0.1453488   1438.476
0.1511628   1445.969
0.1569767   1445.529
0.1627907   1452.093
0.1686047   1446.859
0.1744186   1448.379
0.1802326   1454.535
0.1860465   1450.759
0.1918605   1458.42
0.1976744   1456.854
0.2034884   1455.162
0.2093023   1454.638
0.2151163   1457.232
0.2209302   1457.473
0.2267442   1459.89
0.2325581   1457.684
0.2383721   1460.607
0.244186   1460.623
0.25   1459.415
0.255814   1459.46
0.2616279   1458.848
0.2674419   1456.738
0.2732558   1459.737
0.2790698   1463.677
0.2848837   1469.389
0.2906977   1463.43
0.2965116   1463.993
0.3023256   1464.302
0.3081395   1466.793
0.3139535   1464.244
0.3197674   1468.036
0.3255814   1470.172
0.3313954   1475.594
0.3372093   1468.574
0.3430233   1467.189
0.3488372   1468.014
0.3546512   1466.609
0.3604651   1468.56
0.3662791   1466.865
0.372093   1469.288
0.377907   1469.414
0.3837209   1469.175
0.3895349   1467.889
0.3953488   1465.818
0.4011628   1470.854
0.4069767   1471.634
0.4127907   1470.764
0.4186046   1473.267
0.4244186   1471.204
0.4302326   1470.59
0.4360465   1470.237
0.4418605   1471.616
0.4476744   1467.585
0.4534884   1468.847
0.4593023   1471.253
0.4651163   1472.767
0.4709302   1472.005
0.4767442   1469.396
0.4825581   1472.334
0.4883721   1473.743
0.494186   1469.926
0.5   1471.536
0.505814   1472.294
0.5116279   1470.542
0.5174419   1474.72
0.5232558   1472.307
0.5290698   1472.307
0.5348837   1468.431
0.5406977   1474.3
0.5465117   1474.3
0.5523256   1469.648
0.5581396   1471.85
0.5639535   1473.006
0.5697674   1473.006
0.5755814   1472.138
0.5813953   1472.814
0.5872093   1472.814
0.5930232   1473.35
0.5988372   1474.012
0.6046512   1474.012
0.6104651   1473.178
0.6162791   1473.178
0.622093   1473.293
0.627907   1473.293
0.6337209   1472.655
0.6395349   1472.655
0.6453488   1474.076
0.6511628   1474.832
0.6569768   1472.715
0.6627907   1473.774
0.6686047   1473.774
0.6744186   1471.282
0.6802326   1473.181
0.6860465   1473.538
0.6918604   1473.707
0.6976744   1474.225
0.7034883   1474.225
0.7093023   1476.843
0.7151163   1476.843
0.7209302   1473.019
0.7267442   1473.511
0.7325581   1473.511
0.7383721   1475.15
0.744186   1470.853
0.75   1470.853
0.755814   1472.382
0.7616279   1472.382
0.7674419   1475.104
0.7732558   1475.104
0.7790698   1472.725
0.7848837   1472.725
0.7906977   1475.392
0.7965117   1474.019
0.8023256   1474.019
0.8081396   1473.77
0.8139535   1473.77
0.8197674   1475.212
0.8255814   1474.659
0.8313953   1474.659
0.8372093   1474.97
0.8430232   1474.97
0.8488372   1476.575
0.8546512   1476.575
0.8604651   1475.892
0.8662791   1474.127
0.872093   1474.127
0.877907   1474.296
0.8837209   1474.296
0.8895349   1474.918
0.8953488   1474.51
0.9011628   1474.51
0.9069768   1474.343
0.9127907   1474.343
0.9186047   1478.598
0.9244186   1473.112
0.9302326   1473.112
0.9360465   1475.957
0.9418604   1475.957
0.9476744   1475.899
0.9534883   1475.899
0.9593023   1475.725
0.9651163   1475.725
0.9709302   1475.725
0.9767442   1474.256
0.9825581   1474.256
0.9883721   1476.844
0.994186   1474.695
1   1474.695
