0   156.0911
0.005814   140.9883
0.0116279   123.4198
0.0174419   105.3345
0.0232558   88.72674
0.0290698   74.57764
0.0348837   63.03056
0.0406977   53.73708
0.0465116   46.27693
0.0523256   40.23432
0.0581395   36.11546
0.0639535   31.95956
0.0697674   28.55591
0.0755814   25.73088
0.0813954   23.34127
0.0872093   21.30679
0.0930233   19.55429
0.0988372   18.04135
0.1046512   16.72811
0.1104651   15.57567
0.1162791   14.53745
0.122093   14.0612
0.127907   12.97939
0.1337209   12.24822
0.1395349   11.12561
0.1453488   10.73203
0.1511628   10.62836
0.1569767   10.15606
0.1627907   9.659198
0.1686047   8.966564
0.1744186   8.558171
0.1802326   8.569711
0.1860465   8.000549
0.1918605   8.010195
0.1976744   7.635492
0.2034884   7.303796
0.2093023   6.983884
0.2151163   6.802434
0.2209302   6.475984
0.2267442   6.383333
0.2325581   6.315692
0.2383721   5.984168
0.244186   5.851378
0.25   5.546571
0.255814   5.424119
0.2616279   5.249958
0.2674419   5.217966
0.2732558   5.105501
0.2790698   5.069657
0.2848837   4.936327
0.2906977   4.75957
0.2965116   4.705195
0.3023256   4.422997
0.3081395   4.510687
0.3139535   4.375323
0.3197674   4.361089
0.3255814   4.38269
0.3313954   4.246157
0.3372093   4.076218
0.3430233   3.993789
0.3488372   3.813339
0.3546512   3.875441
0.3604651   3.794451
0.3662791   3.716415
0.372093   3.697354
0.377907   3.585386
0.3837209   3.462325
0.3895349   3.503555
0.3953488   3.4517
0.4011628   3.35364
0.4069767   3.270154
0.4127907   3.401463
0.4186046   3.219754
0.4244186   3.242297
0.4302326   3.15113
0.4360465   3.081952
0.4418605   3.065886
0.4476744   3.036888
0.4534884   3.041548
0.4593023   3.047181
0.4651163   2.905154
0.4709302   2.968944
0.4767442   2.754879
0.4825581   2.9102
0.4883721   2.815946
0.494186   2.679663
0.5   2.753467
0.505814   2.714206
0.5116279   2.723528
0.5174419   2.700471
0.5232558   2.61799
0.5290698   2.61799
0.5348837   2.680568
0.5406977   2.506604
0.5465117   2.506604
0.5523256   2.46209
0.5581396   2.460407
0.5639535   2.442009
0.5697674   2.442009
0.5755814   2.419
0.5813953   2.358114
0.5872093   2.358114
0.5930232   2.3403
0.5988372   2.278734
0.6046512   2.278734
0.6104651   2.27598
0.6162791   2.27598
0.622093   2.237987
0.627907   2.237987
0.6337209   2.207075
0.6395349   2.207075
0.6453488   2.176442
0.6511628   2.189886
0.6569768   2.133041
0.6627907   2.109132
0.6686047   2.109132
0.6744186   2.075347
0.6802326   2.088555
0.6860465   2.036875
0.6918604   2.050286
0.6976744   2.029112
0.7034883   2.029112
0.7093023   2.019909
0.7151163   2.019909
0.7209302   1.965977
0.7267442   1.932331
0.7325581   1.932331
0.7383721   1.949326
0.744186   1.937402
0.75   1.937402
0.755814   1.865573
0.7616279   1.865573
0.7674419   1.858515
0.7732558   1.858515
0.7790698   1.823597
0.7848837   1.823597
0.7906977   1.847563
0.7965117   1.818128
0.8023256   1.818128
0.8081396   1.808295
0.8139535   1.808295
0.8197674   1.798113
0.8255814   1.797536
0.8313953   1.797536
0.8372093   1.739834
0.8430232   1.739834
0.8488372   1.751382
0.8546512   1.751382
0.8604651   1.743555
0.8662791   1.701541
0.872093   1.701541
0.877907   1.70178
0.8837209   1.70178
0.8895349   1.692837
0.8953488   1.660109
0.9011628   1.660109
0.9069768   1.681991
0.9127907   1.681991
0.9186047   1.679023
0.9244186   1.606021
0.9302326   1.606021
0.9360465   1.61871
0.9418604   1.61871
0.9476744   1.611548
0.9534883   1.611548
0.9593023   1.571949
0.9651163   1.571949
0.9709302   1.571949
0.9767442   1.643069
0.9825581   1.643069
0.9883721   1.59763
0.994186   1.516031
1   1.516031
