0   154.0373
0.005814   138.9078
0.0116279   121.3741
0.0174419   103.4137
0.0232558   86.9056
0.0290698   72.89983
0.0348837   61.51012
0.0406977   52.36093
0.0465116   45.02645
0.0523256   39.13357
0.0581395   35.16002
0.0639535   31.1093
0.0697674   27.83316
0.0755814   25.14266
0.0813954   22.87408
0.0872093   20.95407
0.0930233   19.3293
0.0988372   17.94323
0.1046512   16.7013
0.1104651   15.64436
0.1162791   14.68286
0.122093   14.78662
0.127907   13.32796
0.1337209   12.64358
0.1395349   11.06203
0.1453488   11.09347
0.1511628   11.49216
0.1569767   11.27496
0.1627907   10.82676
0.1686047   9.724877
0.1744186   9.282273
0.1802326   9.697594
0.1860465   8.778173
0.1918605   9.286508
0.1976744   8.876291
0.2034884   8.378587
0.2093023   7.974605
0.2151163   7.897254
0.2209302   7.45141
0.2267442   7.491928
0.2325581   7.826155
0.2383721   7.233609
0.244186   7.117326
0.25   6.465226
0.255814   6.500229
0.2616279   6.313362
0.2674419   6.475264
0.2732558   6.330949
0.2790698   6.523864
0.2848837   6.336497
0.2906977   6.041954
0.2965116   6.06435
0.3023256   5.531456
0.3081395   5.970129
0.3139535   5.760051
0.3197674   5.856721
0.3255814   6.1799
0.3313954   5.880287
0.3372093   5.509867
0.3430233   5.511824
0.3488372   5.082188
0.3546512   5.332175
0.3604651   5.223242
0.3662791   5.140131
0.372093   5.181557
0.377907   4.96231
0.3837209   4.763146
0.3895349   5.067925
0.3953488   4.926377
0.4011628   4.825289
0.4069767   4.638061
0.4127907   5.089732
0.4186046   4.656169
0.4244186   4.813601
0.4302326   4.617912
0.4360465   4.546145
0.4418605   4.526815
0.4476744   4.560422
0.4534884   4.623093
0.4593023   4.715987
0.4651163   4.356916
0.4709302   4.612276
0.4767442   4.140469
0.4825581   4.576278
0.4883721   4.294791
0.494186   4.071958
0.5   4.343175
0.505814   4.232178
0.5116279   4.369735
0.5174419   4.369622
0.5232558   4.230261
0.5290698   4.230261
0.5348837   4.461979
0.5406977   3.980337
0.5465117   3.980337
0.5523256   3.942483
0.5581396   4.015899
0.5639535   4.034735
0.5697674   4.034735
0.5755814   4.023358
0.5813953   3.879021
0.5872093   3.879021
0.5930232   3.906018
0.5988372   3.803651
0.6046512   3.803651
0.6104651   3.821851
0.6162791   3.821851
0.622093   3.813623
0.627907   3.813623
0.6337209   3.771777
0.6395349   3.771777
0.6453488   3.709948
0.6511628   3.767319
0.6569768   3.634856
0.6627907   3.65649
0.6686047   3.65649
0.6744186   3.574651
0.6802326   3.636231
0.6860465   3.540823
0.6918604   3.61978
0.6976744   3.58475
0.7034883   3.58475
0.7093023   3.582051
0.7151163   3.582051
0.7209302   3.47327
0.7267442   3.441125
0.7325581   3.441125
0.7383721   3.513344
0.744186   3.523326
0.75   3.523326
0.755814   3.35032
0.7616279   3.35032
0.7674419   3.364347
0.7732558   3.364347
0.7790698   3.336163
0.7848837   3.336163
0.7906977   3.401973
0.7965117   3.344541
0.8023256   3.344541
0.8081396   3.366328
0.8139535   3.366328
0.8197674   3.354003
0.8255814   3.388639
0.8313953   3.388639
0.8372093   3.249481
0.8430232   3.249481
0.8488372   3.321108
0.8546512   3.321108
0.8604651   3.318445
0.8662791   3.230691
0.872093   3.230691
0.877907   3.258939
0.8837209   3.258939
0.8895349   3.258455
0.8953488   3.18197
0.9011628   3.18197
0.9069768   3.278283
0.9127907   3.278283
0.9186047   3.289883
0.9244186   3.104208
0.9302326   3.104208
0.9360465   3.162726
0.9418604   3.162726
0.9476744   3.167956
0.9534883   3.167956
0.9593023   3.093651
0.9651163   3.093651
0.9709302   3.093651
0.9767442   3.322822
0.9825581   3.322822
0.9883721   3.207231
0.994186   2.997248
1   2.997248
