0   157.1132
0.005814   142.0848
0.0116279   124.6065
0.0174419   106.517
0.0232558   89.98088
0.0290698   75.82787
0.0348837   64.2175
0.0406977   54.806
0.0465116   47.28009
0.0523256   41.10243
0.0581395   36.89054
0.0639535   32.61769
0.0697674   29.1109
0.0755814   26.18544
0.0813954   23.72058
0.0872093   21.59499
0.0930233   19.7409
0.0988372   18.17521
0.1046512   16.82202
0.1104651   15.60874
0.1162791   14.50076
0.122093   13.74359
0.127907   12.85153
0.1337209   12.05509
0.1395349   11.15534
0.1453488   10.50799
0.1511628   10.22835
0.1569767   9.658342
0.1627907   9.077099
0.1686047   8.592045
0.1744186   8.194422
0.1802326   8.033302
0.1860465   7.631615
0.1918605   7.385361
0.1976744   7.032634
0.2034884   6.783729
0.2093023   6.508159
0.2151163   6.255822
0.2209302   5.985427
0.2267442   5.856612
0.2325581   5.549759
0.2383721   5.355094
0.244186   5.233181
0.25   5.106494
0.255814   4.860257
0.2616279   4.729895
0.2674419   4.603417
0.2732558   4.504539
0.2790698   4.350096
0.2848837   4.25057
0.2906977   4.13735
0.2965116   4.036918
0.3023256   3.884918
0.3081395   3.787727
0.3139535   3.687016
0.3197674   3.625124
0.3255814   3.490653
0.3313954   3.435778
0.3372093   3.361746
0.3430233   3.231168
0.3488372   3.180068
0.3546512   3.176166
0.3604651   3.092542
0.3662791   3.022392
0.372093   2.958393
0.377907   2.907411
0.3837209   2.831401
0.3895349   2.705657
0.3953488   2.729215
0.4011628   2.622897
0.4069767   2.599076
0.4127907   2.575658
0.4186046   2.50151
0.4244186   2.481245
0.4302326   2.433728
0.4360465   2.35901
0.4418605   2.342494
0.4476744   2.281632
0.4534884   2.26202
0.4593023   2.223783
0.4651163   2.180391
0.4709302   2.161143
0.4767442   2.054104
0.4825581   2.090225
0.4883721   2.106743
0.494186   1.984122
0.5   1.965917
0.505814   1.959142
0.5116279   1.905677
0.5174419   1.861608
0.5232558   1.810213
0.5290698   1.810213
0.5348837   1.812566
0.5406977   1.788355
0.5465117   1.788355
0.5523256   1.735563
0.5581396   1.683418
0.5639535   1.644995
0.5697674   1.644995
0.5755814   1.622698
0.5813953   1.600177
0.5872093   1.600177
0.5930232   1.563124
0.5988372   1.518683
0.6046512   1.518683
0.6104651   1.513057
0.6162791   1.513057
0.622093   1.454071
0.627907   1.454071
0.6337209   1.423375
0.6395349   1.423375
0.6453488   1.41585
0.6511628   1.413214
0.6569768   1.393653
0.6627907   1.332304
0.6686047   1.332304
0.6744186   1.331317
0.6802326   1.327573
0.6860465   1.283046
0.6918604   1.264751
0.6976744   1.252189
0.7034883   1.252189
0.7093023   1.248425
0.7151163   1.248425
0.7209302   1.222948
0.7267442   1.184288
0.7325581   1.184288
0.7383721   1.175121
0.744186   1.150548
0.75   1.150548
0.755814   1.129553
0.7616279   1.129553
0.7674419   1.113063
0.7732558   1.113063
0.7790698   1.070712
0.7848837   1.070712
0.7906977   1.076762
0.7965117   1.064588
0.8023256   1.064588
0.8081396   1.033213
0.8139535   1.033213
0.8197674   1.028306
0.8255814   1.008722
0.8313953   1.008722
0.8372093   0.9898435
0.8430232   0.9898435
0.8488372   0.9697971
0.8546512   0.9697971
0.8604651   0.9623757
0.8662791   0.940922
0.872093   0.940922
0.877907   0.9281919
0.8837209   0.9281919
0.8895349   0.9137387
0.8953488   0.9035806
0.9011628   0.9035806
0.9069768   0.887691
0.9127907   0.887691
0.9186047   0.8793794
0.9244186   0.8611316
0.9302326   0.8611316
0.9360465   0.8521094
0.9418604   0.8521094
0.9476744   0.8398684
0.9534883   0.8398684
0.9593023   0.815655
0.9651163   0.815655
0.9709302   0.815655
0.9767442   0.8117728
0.9825581   0.8117728
0.9883721   0.7999076
0.994186   0.7775685
1   0.7775685
