0   157.1228
0.005814   141.9723
0.0116279   124.2789
0.0174419   106.0727
0.0232558   89.2937
0.0290698   75.0052
0.0348837   63.36407
0.0406977   54.04428
0.0465116   46.52428
0.0523256   40.467
0.0581395   36.29583
0.0639535   32.15169
0.0697674   28.7237
0.0755814   25.86452
0.0813954   23.42912
0.0872093   21.3713
0.0930233   19.59266
0.0988372   18.0056
0.1046512   16.66101
0.1104651   15.47392
0.1162791   14.42872
0.122093   13.65339
0.127907   12.7587
0.1337209   12.04603
0.1395349   11.15948
0.1453488   10.59465
0.1511628   10.16458
0.1569767   9.534844
0.1627907   9.073679
0.1686047   8.582747
0.1744186   8.197833
0.1802326   7.978206
0.1860465   7.591844
0.1918605   7.358656
0.1976744   6.997494
0.2034884   6.749059
0.2093023   6.468861
0.2151163   6.254188
0.2209302   5.991094
0.2267442   5.801477
0.2325581   5.571206
0.2383721   5.363817
0.244186   5.203618
0.25   5.067988
0.255814   4.911831
0.2616279   4.706577
0.2674419   4.575262
0.2732558   4.481063
0.2790698   4.335042
0.2848837   4.221875
0.2906977   4.099388
0.2965116   4.014258
0.3023256   3.852626
0.3081395   3.774167
0.3139535   3.678834
0.3197674   3.601378
0.3255814   3.477498
0.3313954   3.422397
0.3372093   3.357046
0.3430233   3.238393
0.3488372   3.177753
0.3546512   3.118005
0.3604651   3.067523
0.3662791   2.986778
0.372093   2.952107
0.377907   2.886391
0.3837209   2.792486
0.3895349   2.737021
0.3953488   2.699517
0.4011628   2.612674
0.4069767   2.573364
0.4127907   2.538986
0.4186046   2.501558
0.4244186   2.43196
0.4302326   2.40172
0.4360465   2.340665
0.4418605   2.32831
0.4476744   2.268658
0.4534884   2.239551
0.4593023   2.201736
0.4651163   2.178165
0.4709302   2.133352
0.4767442   2.070018
0.4825581   2.064103
0.4883721   2.04632
0.494186   1.982914
0.5   1.951286
0.505814   1.951243
0.5116279   1.895226
0.5174419   1.870136
0.5232558   1.81344
0.5290698   1.81344
0.5348837   1.767148
0.5406977   1.75112
0.5465117   1.75112
0.5523256   1.70826
0.5581396   1.681928
0.5639535   1.646278
0.5697674   1.646278
0.5755814   1.610985
0.5813953   1.595191
0.5872093   1.595191
0.5930232   1.551762
0.5988372   1.513814
0.6046512   1.513814
0.6104651   1.493025
0.6162791   1.493025
0.622093   1.446275
0.627907   1.446275
0.6337209   1.426089
0.6395349   1.426089
0.6453488   1.403518
0.6511628   1.389116
0.6569768   1.370632
0.6627907   1.338552
0.6686047   1.338552
0.6744186   1.320113
0.6802326   1.301885
0.6860465   1.286774
0.6918604   1.266291
0.6976744   1.250414
0.7034883   1.250414
0.7093023   1.229268
0.7151163   1.229268
0.7209302   1.201763
0.7267442   1.171633
0.7325581   1.171633
0.7383721   1.159539
0.744186   1.138362
0.75   1.138362
0.755814   1.116884
0.7616279   1.116884
0.7674419   1.098075
0.7732558   1.098075
0.7790698   1.063952
0.7848837   1.063952
0.7906977   1.06392
0.7965117   1.045294
0.8023256   1.045294
0.8081396   1.025361
0.8139535   1.025361
0.8197674   1.011992
0.8255814   0.9953055
0.8313953   0.9953055
0.8372093   0.980146
0.8430232   0.980146
0.8488372   0.9632124
0.8546512   0.9632124
0.8604651   0.9498534
0.8662791   0.9330384
0.872093   0.9330384
0.877907   0.9182169
0.8837209   0.9182169
0.8895349   0.906359
0.8953488   0.8947721
0.9011628   0.8947721
0.9069768   0.8800181
0.9127907   0.8800181
0.9186047   0.8677862
0.9244186   0.8527077
0.9302326   0.8527077
0.9360465   0.8412954
0.9418604   0.8412954
0.9476744   0.8267652
0.9534883   0.8267652
0.9593023   0.8065518
0.9651163   0.8065518
0.9709302   0.8065518
0.9767442   0.7945775
0.9825581   0.7945775
0.9883721   0.7857559
0.994186   0.7732186
1   0.7732186
