0   3.144196e-10
0.005814   3.829932e-10
0.0116279   4.923633e-10
0.0174419   6.609244e-10
0.0232558   9.038266e-10
0.0290698   1.235246e-9
0.0348837   1.665790e-9
0.0406977   2.206656e-9
0.0465116   2.868705e-9
0.0523256   3.661945e-9
0.0581395   4.427466e-9
0.0639535   5.487503e-9
0.0697674   6.672482e-9
0.0755814   8.041181e-9
0.0813954   9.555271e-9
0.0872093   1.124380e-8
0.0930233   1.304597e-8
0.0988372   1.511647e-8
0.1046512   1.728092e-8
0.1104651   1.945361e-8
0.1162791   2.191662e-8
0.122093   2.441073e-8
0.127907   2.762995e-8
0.1337209   3.021044e-8
0.1395349   3.199339e-8
0.1453488   4.062054e-8
0.1511628   3.946498e-8
0.1569767   4.540825e-8
0.1627907   4.713182e-8
0.1686047   4.648932e-8
0.1744186   5.025479e-8
0.1802326   6.340667e-8
0.1860465   5.549774e-8
0.1918605   6.616655e-8
0.1976744   6.587095e-8
0.2034884   7.510295e-8
0.2093023   8.034694e-8
0.2151163   7.023043e-8
0.2209302   9.200507e-8
0.2267442   7.975101e-8
0.2325581   9.654163e-8
0.2383721   1.069082e-7
0.244186   1.278959e-7
0.25   1.154343e-7
0.255814   1.163556e-7
0.2616279   1.308480e-7
0.2674419   1.394203e-7
0.2732558   1.312954e-7
0.2790698   1.472650e-7
0.2848837   1.497681e-7
0.2906977   1.476927e-7
0.2965116   1.528341e-7
0.3023256   1.620534e-7
0.3081395   1.812089e-7
0.3139535   1.970475e-7
0.3197674   1.625056e-7
0.3255814   2.249400e-7
0.3313954   2.286839e-7
0.3372093   2.403494e-7
0.3430233   1.861671e-7
0.3488372   2.298058e-7
0.3546512   1.922656e-7
0.3604651   2.836476e-7
0.3662791   2.308489e-7
0.372093   2.267501e-7
0.377907   2.161736e-7
0.3837209   3.527880e-7
0.3895349   2.477913e-7
0.3953488   2.778572e-7
0.4011628   2.691581e-7
0.4069767   3.292286e-7
0.4127907   3.930494e-7
0.4186046   3.688643e-7
0.4244186   3.982654e-7
0.4302326   4.342339e-7
0.4360465   3.975207e-7
0.4418605   3.458617e-7
0.4476744   4.319363e-7
0.4534884   3.860351e-7
0.4593023   4.760385e-7
0.4651163   5.030282e-7
0.4709302   4.747759e-7
0.4767442   5.748454e-7
0.4825581   4.423469e-7
0.4883721   5.501709e-7
0.494186   5.366859e-7
0.5   5.114783e-7
0.505814   5.320105e-7
0.5116279   6.255249e-7
0.5174419   5.223121e-7
0.5232558   6.242331e-7
0.5290698   5.622164e-7
0.5348837   5.622164e-7
0.5406977   7.063514e-7
0.5465117   5.672599e-7
0.5523256   8.052945e-7
0.5581396   8.052945e-7
0.5639535   6.783516e-7
0.5697674   5.650733e-7
0.5755814   5.650733e-7
0.5813953   6.757851e-7
0.5872093   6.757851e-7
0.5930232   6.759981e-7
0.5988372   7.912089e-7
0.6046512   8.576386e-7
0.6104651   8.951112e-7
0.6162791   8.951112e-7
0.622093   1.027478e-6
0.627907   1.027478e-6
0.6337209   1.094693e-6
0.6395349   1.096027e-6
0.6453488   1.211253e-6
0.6511628   1.032664e-6
0.6569768   1.069847e-6
0.6627907   1.069847e-6
0.6686047   1.082300e-6
0.6744186   1.125253e-6
0.6802326   1.304311e-6
0.6860465   1.304311e-6
0.6918604   1.257386e-6
0.6976744   1.427206e-6
0.7034883   1.427206e-6
0.7093023   1.330420e-6
0.7151163   1.588112e-6
0.7209302   1.089935e-6
0.7267442   1.089935e-6
0.7325581   1.496769e-6
0.7383721   1.514373e-6
0.744186   1.514373e-6
0.75   1.655342e-6
0.755814   1.694869e-6
0.7616279   1.657926e-6
0.7674419   1.665634e-6
0.7732558   1.854704e-6
0.7790698   1.568498e-6
0.7848837   1.568498e-6
0.7906977   1.908970e-6
0.7965117   1.586916e-6
0.8023256   1.586916e-6
0.8081396   2.048029e-6
0.8139535   1.755975e-6
0.8197674   1.755975e-6
0.8255814   2.130676e-6
0.8313953   2.130676e-6
0.8372093   1.983077e-6
0.8430232   1.983077e-6
0.8488372   2.390531e-6
0.8546512   2.390531e-6
0.8604651   2.263480e-6
0.8662791   2.558581e-6
0.872093   2.558581e-6
0.877907   2.488501e-6
0.8837209   1.621444e-6
0.8895349   1.621444e-6
0.8953488   2.817109e-6
0.9011628   2.817109e-6
0.9069768   2.613887e-6
0.9127907   2.613887e-6
0.9186047   2.718340e-6
0.9244186   2.327419e-6
0.9302326   2.327419e-6
0.9360465   2.327419e-6
0.9418604   3.252703e-6
0.9476744   3.252703e-6
0.9534883   3.639749e-6
0.9593023   2.871674e-6
0.9651163   2.859268e-6
0.9709302   2.859268e-6
0.9767442   2.859268e-6
0.9825581   2.919991e-6
0.9883721   2.919991e-6
0.994186   3.403680e-6
1   3.403680e-6
