0   3.422912e-7
0.005814   3.953141e-7
0.0116279   4.740160e-7
0.0174419   5.861135e-7
0.0232558   7.338492e-7
0.0290698   9.179615e-7
0.0348837   1.137471e-6
0.0406977   1.391442e-6
0.0465116   1.680053e-6
0.0523256   2.003502e-6
0.0581395   2.297315e-6
0.0639535   2.684475e-6
0.0697674   3.090550e-6
0.0755814   3.539229e-6
0.0813954   4.014004e-6
0.0872093   4.518610e-6
0.0930233   5.032494e-6
0.0988372   5.666808e-6
0.1046512   6.243933e-6
0.1104651   6.728126e-6
0.1162791   7.337742e-6
0.122093   7.953399e-6
0.127907   8.790042e-6
0.1337209   9.357080e-6
0.1395349   9.383892e-6
0.1453488   0.0000119
0.1511628   0.0000114
0.1569767   0.0000127
0.1627907   0.0000131
0.1686047   0.0000126
0.1744186   0.0000131
0.1802326   0.0000159
0.1860465   0.000014
0.1918605   0.0000164
0.1976744   0.0000163
0.2034884   0.0000179
0.2093023   0.0000192
0.2151163   0.0000163
0.2209302   0.000021
0.2267442   0.0000182
0.2325581   0.0000215
0.2383721   0.0000239
0.244186   0.0000274
0.25   0.0000249
0.255814   0.0000243
0.2616279   0.0000273
0.2674419   0.0000282
0.2732558   0.000027
0.2790698   0.0000294
0.2848837   0.0000299
0.2906977   0.0000293
0.2965116   0.00003
0.3023256   0.0000313
0.3081395   0.0000354
0.3139535   0.0000371
0.3197674   0.0000307
0.3255814   0.0000421
0.3313954   0.0000423
0.3372093   0.0000441
0.3430233   0.000034
0.3488372   0.0000414
0.3546512   0.0000344
0.3604651   0.0000516
0.3662791   0.000042
0.372093   0.0000397
0.377907   0.0000376
0.3837209   0.0000608
0.3895349   0.0000429
0.3953488   0.000047
0.4011628   0.0000454
0.4069767   0.000055
0.4127907   0.0000652
0.4186046   0.0000611
0.4244186   0.0000661
0.4302326   0.0000711
0.4360465   0.000064
0.4418605   0.0000556
0.4476744   0.0000693
0.4534884   0.0000621
0.4593023   0.0000764
0.4651163   0.0000803
0.4709302   0.0000752
0.4767442   0.0000902
0.4825581   0.0000692
0.4883721   0.0000855
0.494186   0.0000829
0.5   0.0000784
0.505814   0.0000812
0.5116279   0.0000947
0.5174419   0.000079
0.5232558   0.0000947
0.5290698   0.0000844
0.5348837   0.0000844
0.5406977   0.0001043
0.5465117   0.0000832
0.5523256   0.0001184
0.5581396   0.0001184
0.5639535   0.0001018
0.5697674   0.0000821
0.5755814   0.0000821
0.5813953   0.000097
0.5872093   0.000097
0.5930232   0.0000977
0.5988372   0.000112
0.6046512   0.0001233
0.6104651   0.0001254
0.6162791   0.0001254
0.622093   0.000146
0.627907   0.000146
0.6337209   0.0001529
0.6395349   0.0001525
0.6453488   0.0001712
0.6511628   0.0001438
0.6569768   0.0001505
0.6627907   0.0001505
0.6686047   0.0001492
0.6744186   0.0001549
0.6802326   0.0001804
0.6860465   0.0001804
0.6918604   0.00017
0.6976744   0.0001936
0.7034883   0.0001936
0.7093023   0.0001827
0.7151163   0.0002138
0.7209302   0.0001453
0.7267442   0.0001453
0.7325581   0.0002011
0.7383721   0.0002032
0.744186   0.0002032
0.75   0.0002201
0.755814   0.0002252
0.7616279   0.0002192
0.7674419   0.0002205
0.7732558   0.0002448
0.7790698   0.0002058
0.7848837   0.0002058
0.7906977   0.0002508
0.7965117   0.0002029
0.8023256   0.0002029
0.8081396   0.0002666
0.8139535   0.0002305
0.8197674   0.0002305
0.8255814   0.000274
0.8313953   0.000274
0.8372093   0.0002498
0.8430232   0.0002498
0.8488372   0.0003031
0.8546512   0.0003031
0.8604651   0.0002929
0.8662791   0.0003205
0.872093   0.0003205
0.877907   0.0003122
0.8837209   0.0002048
0.8895349   0.0002048
0.8953488   0.0003534
0.9011628   0.0003534
0.9069768   0.0003285
0.9127907   0.0003285
0.9186047   0.0003413
0.9244186   0.000291
0.9302326   0.000291
0.9360465   0.000291
0.9418604   0.0003974
0.9476744   0.0003974
0.9534883   0.0004548
0.9593023   0.0003558
0.9651163   0.0003554
0.9709302   0.0003554
0.9767442   0.0003554
0.9825581   0.0003603
0.9883721   0.0003603
0.994186   0.0004138
1   0.0004138
