0   1034.894
0.005814   881.5549
0.0116279   718.403
0.0174419   566.209
0.0232558   439.2653
0.0290698   340.7503
0.0348837   267.2339
0.0406977   212.6131
0.0465116   171.586
0.0523256   140.5193
0.0581395   120.3223
0.0639535   100.9467
0.0697674   85.81834
0.0755814   73.61931
0.0813954   63.77184
0.0872093   55.71349
0.0930233   49.07148
0.0988372   87.67607
0.1046512   78.17738
0.1104651   34.81062
0.1162791   31.38531
0.122093   58.22961
0.127907   51.69853
0.1337209   47.66313
0.1395349   22.91825
0.1453488   115.7843
0.1511628   37.00576
0.1569767   55.94887
0.1627907   45.70533
0.1686047   46.55764
0.1744186   14.32754
0.1802326   79.63068
0.1860465   70.34401
0.1918605   38.65463
0.1976744   31.85965
0.2034884   34.02581
0.2093023   29.1903
0.2151163   111.2161
0.2209302   59.15306
0.2267442   38.89709
0.2325581   54.61295
0.2383721   31.49656
0.244186   52.24296
0.25   38.13898
0.255814   81.31297
0.2616279   77.4347
0.2674419   58.01055
0.2732558   114.1625
0.2790698   46.75967
0.2848837   49.94713
0.2906977   50.47195
0.2965116   36.81815
0.3023256   43.86581
0.3081395   67.23096
0.3139535   87.61198
0.3197674   38.72972
0.3255814   61.75265
0.3313954   69.85525
0.3372093   30.26101
0.3430233   70.43719
0.3488372   44.99673
0.3546512   43.97734
0.3604651   55.22484
0.3662791   24.4775
0.372093   48.74938
0.377907   28.46542
0.3837209   67.94816
0.3895349   67.40617
0.3953488   65.81065
0.4011628   42.70759
0.4069767   63.81529
0.4127907   56.21451
0.4186046   46.59641
0.4244186   61.2174
0.4302326   63.01303
0.4360465   47.87899
0.4418605   59.90487
0.4476744   58.26801
0.4534884   67.64958
0.4593023   60.4931
0.4651163   76.46511
0.4709302   73.34689
0.4767442   71.05344
0.4825581   42.56143
0.4883721   33.77514
0.494186   46.27566
0.5   50.90589
0.505814   56.04557
0.5116279   40.88531
0.5174419   53.30651
0.5232558   62.70681
0.5290698   51.72926
0.5348837   51.72926
0.5406977   50.83788
0.5465117   59.3589
0.5523256   66.94939
0.5581396   66.94939
0.5639535   61.88841
0.5697674   52.682
0.5755814   52.682
0.5813953   48.79526
0.5872093   48.79526
0.5930232   33.28148
0.5988372   54.57757
0.6046512   74.46679
0.6104651   67.4549
0.6162791   67.4549
0.622093   82.97831
0.627907   82.97831
0.6337209   46.04842
0.6395349   62.89505
0.6453488   64.13498
0.6511628   52.71892
0.6569768   45.32841
0.6627907   45.32841
0.6686047   39.46804
0.6744186   31.35889
0.6802326   72.96728
0.6860465   72.96728
0.6918604   57.44243
0.6976744   70.81181
0.7034883   70.81181
0.7093023   48.40566
0.7151163   64.09005
0.7209302   40.81092
0.7267442   40.81092
0.7325581   56.98071
0.7383721   53.16001
0.744186   53.16001
0.75   36.91296
0.755814   59.95542
0.7616279   81.27239
0.7674419   51.28695
0.7732558   47.5597
0.7790698   65.11721
0.7848837   65.11721
0.7906977   82.33216
0.7965117   36.14429
0.8023256   36.14429
0.8081396   60.86822
0.8139535   37.78
0.8197674   37.78
0.8255814   74.0394
0.8313953   74.0394
0.8372093   49.50512
0.8430232   49.50512
0.8488372   62.00644
0.8546512   62.00644
0.8604651   69.16644
0.8662791   62.57013
0.872093   62.57013
0.877907   61.53991
0.8837209   28.16522
0.8895349   28.16522
0.8953488   58.15739
0.9011628   58.15739
0.9069768   61.83681
0.9127907   61.83681
0.9186047   54.03338
0.9244186   81.91483
0.9302326   81.91483
0.9360465   81.91483
0.9418604   55.31128
0.9476744   55.31128
0.9534883   33.57389
0.9593023   46.85186
0.9651163   69.02608
0.9709302   69.02608
0.9767442   69.02608
0.9825581   69.06999
0.9883721   69.06999
0.994186   54.97897
1   54.97897
