0   1.046773e+25
0.005814   8.915893e+24
0.0116279   7.263419e+24
0.0174419   5.722198e+24
0.0232558   4.437911e+24
0.0290698   3.441348e+24
0.0348837   2.699265e+24
0.0406977   2.147602e+24
0.0465116   1.733123e+24
0.0523256   1.419373e+24
0.0581395   1.215600e+24
0.0639535   1.019946e+24
0.0697674   8.671381e+23
0.0755814   7.440685e+23
0.0813954   6.446620e+23
0.0872093   5.631560e+23
0.0930233   4.961462e+23
0.0988372   4.444017e+23
0.1046512   3.962588e+23
0.1104651   3.521080e+23
0.1162791   3.173913e+23
0.122093   2.934720e+23
0.127907   2.614640e+23
0.1337209   2.414590e+23
0.1395349   2.309149e+23
0.1453488   2.036459e+23
0.1511628   1.876193e+23
0.1569767   1.688290e+23
0.1627907   1.549004e+23
0.1686047   1.571149e+23
0.1744186   1.455937e+23
0.1802326   1.389655e+23
0.1860465   1.437026e+23
0.1918605   1.203365e+23
0.1976744   1.077389e+23
0.2034884   1.067956e+23
0.2093023   8.904881e+22
0.2151163   1.083187e+23
0.2209302   8.868850e+22
0.2267442   7.908160e+22
0.2325581   8.101406e+22
0.2383721   6.917239e+22
0.244186   7.160057e+22
0.25   6.550569e+22
0.255814   7.005288e+22
0.2616279   6.825635e+22
0.2674419   6.492782e+22
0.2732558   5.772364e+22
0.2790698   5.676971e+22
0.2848837   5.460890e+22
0.2906977   4.935120e+22
0.2965116   4.611135e+22
0.3023256   4.678019e+22
0.3081395   4.385058e+22
0.3139535   4.449674e+22
0.3197674   4.207361e+22
0.3255814   3.885217e+22
0.3313954   3.762780e+22
0.3372093   3.794663e+22
0.3430233   3.716946e+22
0.3488372   3.603802e+22
0.3546512   3.342984e+22
0.3604651   3.218912e+22
0.3662791   2.868213e+22
0.372093   3.094665e+22
0.377907   3.050504e+22
0.3837209   2.994882e+22
0.3895349   2.873412e+22
0.3953488   2.776391e+22
0.4011628   2.512352e+22
0.4069767   2.627098e+22
0.4127907   2.525436e+22
0.4186046   2.622689e+22
0.4244186   2.318318e+22
0.4302326   2.463021e+22
0.4360465   2.285677e+22
0.4418605   2.276299e+22
0.4476744   1.991856e+22
0.4534884   2.148575e+22
0.4593023   1.943729e+22
0.4651163   1.905382e+22
0.4709302   1.855895e+22
0.4767442   1.818887e+22
0.4825581   1.786596e+22
0.4883721   1.768547e+22
0.494186   1.762882e+22
0.5   1.730365e+22
0.505814   1.622261e+22
0.5116279   1.638005e+22
0.5174419   1.619486e+22
0.5232558   1.494335e+22
0.5290698   1.394396e+22
0.5348837   1.394396e+22
0.5406977   1.394851e+22
0.5465117   1.435751e+22
0.5523256   1.376991e+22
0.5581396   1.376991e+22
0.5639535   1.259253e+22
0.5697674   1.275598e+22
0.5755814   1.275598e+22
0.5813953   1.318649e+22
0.5872093   1.318649e+22
0.5930232   1.258890e+22
0.5988372   1.216044e+22
0.6046512   1.111219e+22
0.6104651   1.134241e+22
0.6162791   1.134241e+22
0.622093   1.028097e+22
0.627907   1.028097e+22
0.6337209   1.064634e+22
0.6395349   1.011421e+22
0.6453488   1.003286e+22
0.6511628   9.835124e+21
0.6569768   8.838390e+21
0.6627907   8.838390e+21
0.6686047   8.989191e+21
0.6744186   9.312988e+21
0.6802326   8.340172e+21
0.6860465   8.340172e+21
0.6918604   8.615085e+21
0.6976744   8.412586e+21
0.7034883   8.412586e+21
0.7093023   8.271790e+21
0.7151163   8.094142e+21
0.7209302   8.239562e+21
0.7267442   8.239562e+21
0.7325581   7.707401e+21
0.7383721   7.614633e+21
0.744186   7.614633e+21
0.75   7.429799e+21
0.755814   7.213830e+21
0.7616279   7.194511e+21
0.7674419   6.794454e+21
0.7732558   6.944647e+21
0.7790698   6.647114e+21
0.7848837   6.647114e+21
0.7906977   6.421933e+21
0.7965117   6.752481e+21
0.8023256   6.752481e+21
0.8081396   6.145694e+21
0.8139535   5.695612e+21
0.8197674   5.695612e+21
0.8255814   6.023562e+21
0.8313953   6.023562e+21
0.8372093   5.999220e+21
0.8430232   5.999220e+21
0.8488372   5.585787e+21
0.8546512   5.585787e+21
0.8604651   5.510299e+21
0.8662791   5.689244e+21
0.872093   5.689244e+21
0.877907   5.161684e+21
0.8837209   5.290864e+21
0.8895349   5.290864e+21
0.8953488   5.000599e+21
0.9011628   5.000599e+21
0.9069768   4.924062e+21
0.9127907   4.924062e+21
0.9186047   4.789727e+21
0.9244186   4.782003e+21
0.9302326   4.782003e+21
0.9360465   4.782003e+21
0.9418604   4.735971e+21
0.9476744   4.735971e+21
0.9534883   4.524281e+21
0.9593023   4.342172e+21
0.9651163   4.335154e+21
0.9709302   4.335154e+21
0.9767442   4.335154e+21
0.9825581   4.185050e+21
0.9883721   4.185050e+21
0.994186   4.345089e+21
1   4.345089e+21
