0   926.6669
0.005814   1047.406
0.0116279   1169.429
0.0174419   1280.797
0.0232558   1373.267
0.0290698   1445.85
0.0348837   1501.587
0.0406977   1544.546
0.0465116   1578.284
0.0523256   1604.997
0.0581395   1622.509
0.0639535   1640.276
0.0697674   1654.666
0.0755814   1666.735
0.0813954   1677.046
0.0872093   1686.019
0.0930233   1693.177
0.0988372   1702.86
0.1046512   1708.296
0.1104651   1710.521
0.1162791   1714.595
0.122093   1714.959
0.127907   1724.474
0.1337209   1727.219
0.1395349   1717.847
0.1453488   1728.627
0.1511628   1736.071
0.1569767   1738.144
0.1627907   1737.155
0.1686047   1737.554
0.1744186   1739.253
0.1802326   1745.65
0.1860465   1752.134
0.1918605   1742.846
0.1976744   1742.502
0.2034884   1743.837
0.2093023   1747.198
0.2151163   1751.848
0.2209302   1746.871
0.2267442   1751.839
0.2325581   1752.427
0.2383721   1755.439
0.244186   1752.457
0.25   1743.533
0.255814   1751.325
0.2616279   1746.097
0.2674419   1752.557
0.2732558   1751.049
0.2790698   1752.4
0.2848837   1754.033
0.2906977   1756.339
0.2965116   1756.423
0.3023256   1753.381
0.3081395   1758.888
0.3139535   1757.383
0.3197674   1756.122
0.3255814   1758.004
0.3313954   1757.918
0.3372093   1757.792
0.3430233   1759.974
0.3488372   1760.836
0.3546512   1757.726
0.3604651   1766.952
0.3662791   1772.06
0.372093   1763.614
0.377907   1759.258
0.3837209   1763.041
0.3895349   1765.642
0.3953488   1760.376
0.4011628   1755.192
0.4069767   1764.261
0.4127907   1760.695
0.4186046   1762.831
0.4244186   1763.283
0.4302326   1766.292
0.4360465   1759.616
0.4418605   1765.145
0.4476744   1757.828
0.4534884   1765.017
0.4593023   1768.33
0.4651163   1764.607
0.4709302   1763.772
0.4767442   1764.645
0.4825581   1762.322
0.4883721   1765.578
0.494186   1765.07
0.5   1764.096
0.505814   1762.266
0.5116279   1766.843
0.5174419   1768.914
0.5232558   1758.992
0.5290698   1761.743
0.5348837   1761.743
0.5406977   1769.356
0.5465117   1761.232
0.5523256   1765.799
0.5581396   1765.799
0.5639535   1771.907
0.5697674   1769.091
0.5755814   1769.091
0.5813953   1767.606
0.5872093   1767.606
0.5930232   1765.851
0.5988372   1763.167
0.6046512   1767.533
0.6104651   1764.984
0.6162791   1764.984
0.622093   1766.865
0.627907   1766.865
0.6337209   1765.422
0.6395349   1762.801
0.6453488   1768.356
0.6511628   1768.758
0.6569768   1766.455
0.6627907   1766.455
0.6686047   1762.994
0.6744186   1767.428
0.6802326   1768.114
0.6860465   1768.114
0.6918604   1766.666
0.6976744   1764.413
0.7034883   1764.413
0.7093023   1770.648
0.7151163   1766.694
0.7209302   1766.506
0.7267442   1766.506
0.7325581   1764.855
0.7383721   1769.593
0.744186   1769.593
0.75   1768.58
0.755814   1766.974
0.7616279   1769.306
0.7674419   1765.064
0.7732558   1767.311
0.7790698   1769.963
0.7848837   1769.963
0.7906977   1768.389
0.7965117   1767.982
0.8023256   1767.982
0.8081396   1765.053
0.8139535   1767.544
0.8197674   1767.544
0.8255814   1770.523
0.8313953   1770.523
0.8372093   1763.554
0.8430232   1763.554
0.8488372   1767.164
0.8546512   1767.164
0.8604651   1769.333
0.8662791   1766.764
0.872093   1766.764
0.877907   1766.358
0.8837209   1769.335
0.8895349   1769.335
0.8953488   1767.085
0.9011628   1767.085
0.9069768   1768.682
0.9127907   1768.682
0.9186047   1769.032
0.9244186   1772.571
0.9302326   1772.571
0.9360465   1772.571
0.9418604   1766.797
0.9476744   1766.797
0.9534883   1772.574
0.9593023   1766.838
0.9651163   1771.69
0.9709302   1771.69
0.9767442   1771.69
0.9825581   1769.629
0.9883721   1769.629
0.994186   1771.514
1   1771.514
