0   224.1733
0.005814   201.5182
0.0116279   175.3179
0.0174419   148.7549
0.0232558   124.6967
0.0290698   104.4608
0.0348837   88.19653
0.0406977   75.20941
0.0465116   64.87623
0.0523256   56.61972
0.0581395   50.92628
0.0639535   45.2669
0.0697674   40.57964
0.0755814   36.64284
0.0813954   33.3796
0.0872093   30.54886
0.0930233   28.14657
0.0988372   26.58201
0.1046512   24.69415
0.1104651   22.62557
0.1162791   21.20261
0.122093   20.07962
0.127907   19.14403
0.1337209   18.14589
0.1395349   16.2726
0.1453488   16.21426
0.1511628   15.78789
0.1569767   14.85841
0.1627907   14.50763
0.1686047   13.89422
0.1744186   12.94475
0.1802326   11.84399
0.1860465   12.08564
0.1918605   11.60736
0.1976744   11.65162
0.2034884   10.79271
0.2093023   10.85631
0.2151163   10.15007
0.2209302   9.821458
0.2267442   9.838114
0.2325581   9.404237
0.2383721   9.419963
0.244186   8.683315
0.25   8.777067
0.255814   8.267236
0.2616279   8.25697
0.2674419   7.739117
0.2732558   8.028406
0.2790698   7.561068
0.2848837   7.52129
0.2906977   7.468031
0.2965116   7.275091
0.3023256   7.048062
0.3081395   7.232107
0.3139535   6.697331
0.3197674   6.736498
0.3255814   6.635733
0.3313954   6.466978
0.3372093   6.360125
0.3430233   6.326161
0.3488372   6.130087
0.3546512   6.063935
0.3604651   6.262305
0.3662791   6.274539
0.372093   5.803885
0.377907   5.727066
0.3837209   5.626112
0.3895349   5.672371
0.3953488   5.415392
0.4011628   5.386263
0.4069767   5.269419
0.4127907   5.211895
0.4186046   5.187356
0.4244186   5.211046
0.4302326   5.065561
0.4360465   4.900399
0.4418605   4.883577
0.4476744   4.87523
0.4534884   4.899982
0.4593023   4.87219
0.4651163   4.819108
0.4709302   4.747879
0.4767442   4.66062
0.4825581   4.627416
0.4883721   4.568965
0.494186   4.512944
0.5   4.44753
0.505814   4.401052
0.5116279   4.3378
0.5174419   4.32881
0.5232558   4.350336
0.5290698   4.260321
0.5348837   4.260321
0.5406977   4.127772
0.5465117   4.067838
0.5523256   4.087271
0.5581396   4.087271
0.5639535   4.256482
0.5697674   3.995367
0.5755814   3.995367
0.5813953   3.900827
0.5872093   3.900827
0.5930232   3.947662
0.5988372   3.793303
0.6046512   3.911037
0.6104651   3.713731
0.6162791   3.713731
0.622093   3.820222
0.627907   3.820222
0.6337209   3.688948
0.6395349   3.66043
0.6453488   3.777981
0.6511628   3.668172
0.6569768   3.744444
0.6627907   3.744444
0.6686047   3.593615
0.6744186   3.584396
0.6802326   3.616865
0.6860465   3.616865
0.6918604   3.457928
0.6976744   3.482219
0.7034883   3.482219
0.7093023   3.567521
0.7151163   3.427513
0.7209302   3.361916
0.7267442   3.361916
0.7325581   3.413096
0.7383721   3.405192
0.744186   3.405192
0.75   3.343831
0.755814   3.33941
0.7616279   3.307759
0.7674419   3.314545
0.7732558   3.294519
0.7790698   3.256446
0.7848837   3.256446
0.7906977   3.265786
0.7965117   3.093448
0.8023256   3.093448
0.8081396   3.204628
0.8139535   3.258364
0.8197674   3.258364
0.8255814   3.127692
0.8313953   3.127692
0.8372093   3.001646
0.8430232   3.001646
0.8488372   3.0416
0.8546512   3.0416
0.8604651   3.168334
0.8662791   2.967725
0.872093   2.967725
0.877907   2.976779
0.8837209   3.018513
0.8895349   3.018513
0.8953488   2.976403
0.9011628   2.976403
0.9069768   2.98685
0.9127907   2.98685
0.9186047   2.982026
0.9244186   2.957516
0.9302326   2.957516
0.9360465   2.957516
0.9418604   2.822949
0.9476744   2.822949
0.9534883   2.953256
0.9593023   2.903942
0.9651163   2.922002
0.9709302   2.922002
0.9767442   2.922002
0.9825581   2.880591
0.9883721   2.880591
0.994186   2.795408
1   2.795408
