0   221.3453
0.005814   198.7301
0.0116279   172.7592
0.0174419   146.435
0.0232558   122.7226
0.0290698   102.836
0.0348837   86.98277
0.0406977   74.40072
0.0465116   64.36237
0.0523256   56.37678
0.0581395   50.98385
0.0639535   45.54787
0.0697674   41.11708
0.0755814   37.37545
0.0813954   34.299
0.0872093   31.71067
0.0930233   29.45079
0.0988372   28.55985
0.1046512   26.82154
0.1104651   24.34535
0.1162791   23.18972
0.122093   21.99489
0.127907   21.81303
0.1337209   20.87744
0.1395349   17.63576
0.1453488   18.62932
0.1511628   18.8327
0.1569767   17.67066
0.1627907   17.97385
0.1686047   17.22529
0.1744186   15.54939
0.1802326   13.59522
0.1860465   15.21226
0.1918605   14.6159
0.1976744   15.29387
0.2034884   13.6403
0.2093023   14.49729
0.2151163   13.14107
0.2209302   12.89333
0.2267442   13.51925
0.2325581   12.73118
0.2383721   13.10866
0.244186   11.45484
0.25   12.16315
0.255814   11.04088
0.2616279   11.4166
0.2674419   10.43861
0.2732558   11.45
0.2790698   10.52128
0.2848837   10.72133
0.2906977   10.88317
0.2965116   10.58371
0.3023256   10.21341
0.3081395   10.80203
0.3139535   9.751578
0.3197674   10.05229
0.3255814   9.936923
0.3313954   9.693523
0.3372093   9.623608
0.3430233   9.638206
0.3488372   9.431273
0.3546512   9.2791
0.3604651   10.04029
0.3662791   10.312
0.372093   9.129544
0.377907   9.100332
0.3837209   8.928246
0.3895349   9.237333
0.3953488   8.661306
0.4011628   8.724428
0.4069767   8.577717
0.4127907   8.45153
0.4186046   8.520102
0.4244186   8.663432
0.4302326   8.347935
0.4360465   8.118382
0.4418605   8.138321
0.4476744   8.16048
0.4534884   8.370352
0.4593023   8.306907
0.4651163   8.381994
0.4709302   8.253168
0.4767442   8.094073
0.4825581   8.122178
0.4883721   8.017806
0.494186   7.887505
0.5   7.811923
0.505814   7.716686
0.5116279   7.635797
0.5174419   7.692061
0.5232558   7.930496
0.5290698   7.720889
0.5348837   7.720889
0.5406977   7.425473
0.5465117   7.327374
0.5523256   7.455453
0.5581396   7.455453
0.5639535   8.022756
0.5697674   7.375398
0.5755814   7.375398
0.5813953   7.235198
0.5872093   7.235198
0.5930232   7.436732
0.5988372   7.051078
0.6046512   7.421472
0.6104651   6.977483
0.6162791   6.977483
0.622093   7.345033
0.627907   7.345033
0.6337209   7.06356
0.6395349   7.006873
0.6453488   7.371208
0.6511628   7.112674
0.6569768   7.399642
0.6627907   7.399642
0.6686047   7.035478
0.6744186   7.067812
0.6802326   7.199166
0.6860465   7.199166
0.6918604   6.800237
0.6976744   6.935067
0.7034883   6.935067
0.7093023   7.221895
0.7151163   6.841345
0.7209302   6.751119
0.7267442   6.751119
0.7325581   6.910397
0.7383721   6.95087
0.744186   6.95087
0.75   6.840599
0.755814   6.81662
0.7616279   6.778463
0.7674419   6.83241
0.7732558   6.797441
0.7790698   6.726981
0.7848837   6.726981
0.7906977   6.799363
0.7965117   6.370008
0.8023256   6.370008
0.8081396   6.724907
0.8139535   6.886717
0.8197674   6.886717
0.8255814   6.579411
0.8313953   6.579411
0.8372093   6.267948
0.8430232   6.267948
0.8488372   6.421374
0.8546512   6.421374
0.8604651   6.83565
0.8662791   6.294539
0.872093   6.294539
0.877907   6.361865
0.8837209   6.52387
0.8895349   6.52387
0.8953488   6.435102
0.9011628   6.435102
0.9069768   6.498425
0.9127907   6.498425
0.9186047   6.518364
0.9244186   6.473558
0.9302326   6.473558
0.9360465   6.473558
0.9418604   6.129802
0.9476744   6.129802
0.9534883   6.550762
0.9593023   6.424385
0.9651163   6.504938
0.9709302   6.504938
0.9767442   6.504938
0.9825581   6.434244
0.9883721   6.434244
0.994186   6.213613
1   6.213613
