0   225.6331
0.005814   203.028
0.0116279   176.8372
0.0174419   150.2381
0.0232558   126.0407
0.0290698   105.6346
0.0348837   89.05785
0.0406977   75.83469
0.0465116   65.30519
0.0523256   56.85711
0.0581395   50.9488
0.0639535   45.18695
0.0697674   40.34737
0.0755814   36.30675
0.0813954   32.94926
0.0872093   29.98999
0.0930233   27.51869
0.0988372   25.68902
0.1046512   23.71008
0.1104651   21.75975
0.1162791   20.22092
0.122093   19.12554
0.127907   17.81469
0.1337209   16.82033
0.1395349   15.54586
0.1453488   15.05401
0.1511628   14.26925
0.1569767   13.48275
0.1627907   12.81378
0.1686047   12.27859
0.1744186   11.66138
0.1802326   10.93616
0.1860465   10.51983
0.1918605   10.13645
0.1976744   9.908172
0.2034884   9.367049
0.2093023   9.059293
0.2151163   8.655175
0.2209302   8.293183
0.2267442   7.991083
0.2325581   7.734346
0.2383721   7.576037
0.244186   7.28934
0.25   7.081394
0.255814   6.886638
0.2616279   6.688582
0.2674419   6.380718
0.2732558   6.366578
0.2790698   6.087833
0.2848837   5.937354
0.2906977   5.784808
0.2965116   5.66417
0.3023256   5.478782
0.3081395   5.474601
0.3139535   5.178742
0.3197674   5.101236
0.3255814   5.027141
0.3313954   4.891348
0.3372093   4.726714
0.3430233   4.695173
0.3488372   4.488396
0.3546512   4.485628
0.3604651   4.405171
0.3662791   4.275562
0.372093   4.132536
0.377907   4.046372
0.3837209   3.991399
0.3895349   3.906245
0.3953488   3.799679
0.4011628   3.715403
0.4069767   3.610404
0.4127907   3.603364
0.4186046   3.523431
0.4244186   3.490676
0.4302326   3.438352
0.4360465   3.282085
0.4418605   3.253934
0.4476744   3.251158
0.4534884   3.166439
0.4593023   3.16833
0.4651163   3.046408
0.4709302   3.008429
0.4767442   2.955692
0.4825581   2.87332
0.4883721   2.841271
0.494186   2.827365
0.5   2.765254
0.505814   2.747638
0.5116279   2.698065
0.5174419   2.654905
0.5232558   2.546655
0.5290698   2.536314
0.5348837   2.536314
0.5406977   2.490503
0.5465117   2.458817
0.5523256   2.410424
0.5581396   2.410424
0.5639535   2.391057
0.5697674   2.310923
0.5755814   2.310923
0.5813953   2.22856
0.5872093   2.22856
0.5930232   2.200153
0.5988372   2.157842
0.6046512   2.173817
0.6104651   2.081174
0.6162791   2.081174
0.622093   2.075471
0.627907   2.075471
0.6337209   2.014479
0.6395349   2.006561
0.6453488   2.006747
0.6511628   1.953143
0.6569768   1.929215
0.6627907   1.929215
0.6686047   1.875795
0.6744186   1.846401
0.6802326   1.839727
0.6860465   1.839727
0.6918604   1.792327
0.6976744   1.763861
0.7034883   1.763861
0.7093023   1.74614
0.7151163   1.732445
0.7209302   1.662348
0.7267442   1.662348
0.7325581   1.673828
0.7383721   1.63812
0.744186   1.63812
0.75   1.599212
0.755814   1.609347
0.7616279   1.577411
0.7674419   1.569255
0.7732558   1.557069
0.7790698   1.528538
0.7848837   1.528538
0.7906977   1.51009
0.7965117   1.443475
0.8023256   1.443475
0.8081396   1.453706
0.8139535   1.457026
0.8197674   1.457026
0.8255814   1.406347
0.8313953   1.406347
0.8372093   1.364363
0.8430232   1.364363
0.8488372   1.357298
0.8546512   1.357298
0.8604651   1.34313
0.8662791   1.309958
0.872093   1.309958
0.877907   1.293157
0.8837209   1.273399
0.8895349   1.273399
0.8953488   1.25877
0.9011628   1.25877
0.9069768   1.244658
0.9127907   1.244658
0.9186047   1.227601
0.9244186   1.214023
0.9302326   1.214023
0.9360465   1.214023
0.9418604   1.178632
0.9476744   1.178632
0.9534883   1.166469
0.9593023   1.146985
0.9651163   1.139302
0.9709302   1.139302
0.9767442   1.139302
0.9825581   1.110278
0.9883721   1.110278
0.994186   1.090994
1   1.090994
