0   225.5414
0.005814   202.7964
0.0116279   176.3574
0.0174419   149.5916
0.0232558   125.3268
0.0290698   104.9118
0.0348837   88.54896
0.0406977   75.39288
0.0465116   64.96109
0.0523256   56.62528
0.0581395   50.84615
0.0639535   45.06585
0.0697674   40.27444
0.0755814   36.24628
0.0813954   32.89054
0.0872093   29.94597
0.0930233   27.47026
0.0988372   25.49711
0.1046512   23.55086
0.1104651   21.7716
0.1162791   20.19713
0.122093   19.11846
0.127907   17.80436
0.1337209   16.73993
0.1395349   15.6362
0.1453488   14.95938
0.1511628   14.26175
0.1569767   13.42185
0.1627907   12.7352
0.1686047   12.17877
0.1744186   11.6235
0.1802326   11.0006
0.1860465   10.52484
0.1918605   10.0698
0.1976744   9.752865
0.2034884   9.370733
0.2093023   9.012369
0.2151163   8.653915
0.2209302   8.277809
0.2267442   8.003958
0.2325581   7.74712
0.2383721   7.575212
0.244186   7.305791
0.25   7.08662
0.255814   6.874202
0.2616279   6.665702
0.2674419   6.398078
0.2732558   6.268626
0.2790698   6.074062
0.2848837   5.905214
0.2906977   5.736072
0.2965116   5.57743
0.3023256   5.452028
0.3081395   5.419641
0.3139535   5.16171
0.3197674   5.05597
0.3255814   4.943116
0.3313954   4.816092
0.3372093   4.72999
0.3430233   4.645153
0.3488372   4.470536
0.3546512   4.427046
0.3604651   4.341475
0.3662791   4.236098
0.372093   4.149531
0.377907   4.034484
0.3837209   3.958677
0.3895349   3.87357
0.3953488   3.785246
0.4011628   3.7189
0.4069767   3.620122
0.4127907   3.580823
0.4186046   3.518518
0.4244186   3.478987
0.4302326   3.410442
0.4360465   3.300668
0.4418605   3.258494
0.4476744   3.214022
0.4534884   3.163075
0.4593023   3.141332
0.4651163   3.028877
0.4709302   2.982052
0.4767442   2.932094
0.4825581   2.886777
0.4883721   2.847769
0.494186   2.823915
0.5   2.765436
0.505814   2.738776
0.5116279   2.679487
0.5174419   2.639503
0.5232558   2.573815
0.5290698   2.523721
0.5348837   2.523721
0.5406977   2.467397
0.5465117   2.417264
0.5523256   2.395904
0.5581396   2.395904
0.5639535   2.355609
0.5697674   2.299721
0.5755814   2.299721
0.5813953   2.238737
0.5872093   2.238737
0.5930232   2.206046
0.5988372   2.170944
0.6046512   2.137866
0.6104651   2.0825
0.6162791   2.0825
0.622093   2.040179
0.627907   2.040179
0.6337209   1.988747
0.6395349   1.967811
0.6453488   1.956017
0.6511628   1.938648
0.6569768   1.904438
0.6627907   1.904438
0.6686047   1.869506
0.6744186   1.838975
0.6802326   1.811711
0.6860465   1.811711
0.6918604   1.781186
0.6976744   1.747681
0.7034883   1.747681
0.7093023   1.734506
0.7151163   1.708735
0.7209302   1.672271
0.7267442   1.672271
0.7325581   1.655001
0.7383721   1.626597
0.744186   1.626597
0.75   1.591674
0.755814   1.59226
0.7616279   1.567318
0.7674419   1.541879
0.7732558   1.529056
0.7790698   1.513749
0.7848837   1.513749
0.7906977   1.487918
0.7965117   1.46684
0.8023256   1.46684
0.8081396   1.435229
0.8139535   1.431386
0.8197674   1.431386
0.8255814   1.397308
0.8313953   1.397308
0.8372093   1.372567
0.8430232   1.372567
0.8488372   1.346114
0.8546512   1.346114
0.8604651   1.326164
0.8662791   1.298633
0.872093   1.298633
0.877907   1.275334
0.8837209   1.258217
0.8895349   1.258217
0.8953488   1.235376
0.9011628   1.235376
0.9069768   1.21745
0.9127907   1.21745
0.9186047   1.200061
0.9244186   1.185025
0.9302326   1.185025
0.9360465   1.185025
0.9418604   1.16042
0.9476744   1.16042
0.9534883   1.142595
0.9593023   1.140452
0.9651163   1.121762
0.9709302   1.121762
0.9767442   1.121762
0.9825581   1.097225
0.9883721   1.097225
0.994186   1.081671
1   1.081671
