0   1.182534
0.005814   1.424525
0.0116279   1.645342
0.0174419   2.064908
0.0232558   2.561338
0.0290698   2.808452
0.0348837   2.808452
0.0406977   3.330912
0.0465116   3.330912
0.0523256   3.724344
0.0581395   4.008429
0.0639535   4.008429
0.0697674   4.39439
0.0755814   4.39439
0.0813954   4.39439
0.0872093   4.706131
0.0930233   4.706131
0.0988372   4.706131
0.1046512   4.706131
0.1104651   5.344937
0.1162791   5.344937
0.122093   5.344937
0.127907   5.344937
0.1337209   5.548126
0.1395349   5.548126
0.1453488   5.548126
0.1511628   5.548126
0.1569767   5.679393
0.1627907   5.874258
0.1686047   5.874258
0.1744186   5.874258
0.1802326   5.874258
0.1860465   5.953832
0.1918605   5.953832
0.1976744   5.953832
0.2034884   6.165243
0.2093023   6.165243
0.2151163   6.165243
0.2209302   6.256902
0.2267442   6.256902
0.2325581   6.256902
0.2383721   6.256902
0.244186   6.291223
0.25   6.291223
0.255814   6.291223
0.2616279   6.291223
0.2674419   6.369477
0.2732558   6.369477
0.2790698   6.369477
0.2848837   6.421988
0.2906977   6.421988
0.2965116   6.421988
0.3023256   6.421988
0.3081395   6.421988
0.3139535   6.481116
0.3197674   6.481116
0.3255814   6.481116
0.3313954   6.591345
0.3372093   6.591345
0.3430233   6.591345
0.3488372   6.55921
0.3546512   6.55921
0.3604651   6.55921
0.3662791   6.55921
0.372093   6.593878
0.377907   6.593878
0.3837209   6.593878
0.3895349   6.596778
0.3953488   6.596778
0.4011628   6.596778
0.4069767   6.603754
0.4127907   6.603754
0.4186046   6.603754
0.4244186   6.603754
0.4302326   6.621068
0.4360465   6.621068
0.4418605   6.621068
0.4476744   6.684319
0.4534884   6.684319
0.4593023   6.684319
0.4651163   6.684319
0.4709302   6.671609
0.4767442   6.671609
0.4825581   6.671609
0.4883721   6.64092
0.494186   6.64092
0.5   6.64092
0.505814   6.67835
0.5116279   6.67835
0.5174419   6.67835
0.5232558   6.67835
0.5290698   6.736317
0.5348837   6.736317
0.5406977   6.736317
0.5465117   6.686048
0.5523256   6.686048
0.5581396   6.686048
0.5639535   6.686048
0.5697674   6.651917
0.5755814   6.651917
0.5813953   6.651917
0.5872093   6.671089
0.5930232   6.671089
0.5988372   6.671089
0.6046512   6.709238
0.6104651   6.709238
0.6162791   6.709238
0.622093   6.709238
0.627907   6.737569
0.6337209   6.737569
0.6395349   6.737569
0.6453488   6.631382
0.6511628   6.631382
0.6569768   6.631382
0.6627907   6.736035
0.6686047   6.736035
0.6744186   6.736035
0.6802326   6.736035
0.6860465   6.681241
0.6918604   6.681241
0.6976744   6.681241
0.7034883   6.680243
0.7093023   6.680243
0.7151163   6.680243
0.7209302   6.680243
0.7267442   6.666848
0.7325581   6.666848
0.7383721   6.666848
0.744186   6.742342
0.75   6.742342
0.755814   6.742342
0.7616279   6.750019
0.7674419   6.750019
0.7732558   6.750019
0.7790698   6.750019
0.7848837   6.761281
0.7906977   6.761281
0.7965117   6.761281
0.8023256   6.76779
0.8081396   6.76779
0.8139535   6.76779
0.8197674   6.76779
0.8255814   6.733208
0.8313953   6.733208
0.8372093   6.733208
0.8430232   6.727602
0.8488372   6.727602
0.8546512   6.727602
0.8604651   6.68621
0.8662791   6.68621
0.872093   6.68621
0.877907   6.68621
0.8837209   6.66254
0.8895349   6.66254
0.8953488   6.66254
0.9011628   6.711377
0.9069768   6.711377
0.9127907   6.711377
0.9186047   6.711377
0.9244186   6.743629
0.9302326   6.743629
0.9360465   6.743629
0.9418604   6.743629
0.9476744   6.6083
0.9534883   6.6083
0.9593023   6.6083
0.9651163   6.750177
0.9709302   6.750177
0.9767442   6.750177
0.9825581   6.750177
0.9883721   6.781479
0.994186   6.781479
1   6.781479
