0   6.686220e-9
0.005814   8.199016e-9
0.0116279   1.030148e-8
0.0174419   1.874139e-8
0.0232558   2.298969e-8
0.0290698   3.520435e-8
0.0348837   3.520435e-8
0.0406977   6.950290e-8
0.0465116   6.950290e-8
0.0523256   1.032983e-7
0.0581395   1.376624e-7
0.0639535   1.376624e-7
0.0697674   2.220024e-7
0.0755814   2.220024e-7
0.0813954   2.220024e-7
0.0872093   3.717280e-7
0.0930233   3.717280e-7
0.0988372   3.717280e-7
0.1046512   3.717280e-7
0.1104651   6.908822e-7
0.1162791   6.908822e-7
0.122093   6.908822e-7
0.127907   6.908822e-7
0.1337209   8.339969e-7
0.1395349   8.339969e-7
0.1453488   8.339969e-7
0.1511628   8.339969e-7
0.1569767   1.660308e-6
0.1627907   1.063679e-6
0.1686047   1.063679e-6
0.1744186   1.063679e-6
0.1802326   1.063679e-6
0.1860465   1.848103e-6
0.1918605   1.848103e-6
0.1976744   1.848103e-6
0.2034884   1.000000e+10
0.2093023   1.000000e+10
0.2151163   1.000000e+10
0.2209302   1.000000e+10
0.2267442   1.000000e+10
0.2325581   1.000000e+10
0.2383721   1.000000e+10
0.244186   2.642641e-6
0.25   2.642641e-6
0.255814   2.642641e-6
0.2616279   2.642641e-6
0.2674419   3.893741e-6
0.2732558   3.893741e-6
0.2790698   3.893741e-6
0.2848837   7.803662e-6
0.2906977   7.803662e-6
0.2965116   7.803662e-6
0.3023256   7.803662e-6
0.3081395   7.803662e-6
0.3139535   1.000000e+10
0.3197674   1.000000e+10
0.3255814   1.000000e+10
0.3313954   1.000000e+10
0.3372093   1.000000e+10
0.3430233   1.000000e+10
0.3488372   1.000000e+10
0.3546512   1.000000e+10
0.3604651   1.000000e+10
0.3662791   1.000000e+10
0.372093   1.000000e+10
0.377907   1.000000e+10
0.3837209   1.000000e+10
0.3895349   1.000000e+10
0.3953488   1.000000e+10
0.4011628   1.000000e+10
0.4069767   1.000000e+10
0.4127907   1.000000e+10
0.4186046   1.000000e+10
0.4244186   1.000000e+10
0.4302326   1.000000e+10
0.4360465   1.000000e+10
0.4418605   1.000000e+10
0.4476744   1.000000e+10
0.4534884   1.000000e+10
0.4593023   1.000000e+10
0.4651163   1.000000e+10
0.4709302   1.000000e+10
0.4767442   1.000000e+10
0.4825581   1.000000e+10
0.4883721   1.000000e+10
0.494186   1.000000e+10
0.5   1.000000e+10
0.505814   1.000000e+10
0.5116279   1.000000e+10
0.5174419   1.000000e+10
0.5232558   1.000000e+10
0.5290698   1.000000e+10
0.5348837   1.000000e+10
0.5406977   1.000000e+10
0.5465117   1.000000e+10
0.5523256   1.000000e+10
0.5581396   1.000000e+10
0.5639535   1.000000e+10
0.5697674   1.000000e+10
0.5755814   1.000000e+10
0.5813953   1.000000e+10
0.5872093   1.000000e+10
0.5930232   1.000000e+10
0.5988372   1.000000e+10
0.6046512   1.000000e+10
0.6104651   1.000000e+10
0.6162791   1.000000e+10
0.622093   1.000000e+10
0.627907   1.000000e+10
0.6337209   1.000000e+10
0.6395349   1.000000e+10
0.6453488   1.000000e+10
0.6511628   1.000000e+10
0.6569768   1.000000e+10
0.6627907   1.000000e+10
0.6686047   1.000000e+10
0.6744186   1.000000e+10
0.6802326   1.000000e+10
0.6860465   1.000000e+10
0.6918604   1.000000e+10
0.6976744   1.000000e+10
0.7034883   1.000000e+10
0.7093023   1.000000e+10
0.7151163   1.000000e+10
0.7209302   1.000000e+10
0.7267442   1.000000e+10
0.7325581   1.000000e+10
0.7383721   1.000000e+10
0.744186   1.000000e+10
0.75   1.000000e+10
0.755814   1.000000e+10
0.7616279   1.000000e+10
0.7674419   1.000000e+10
0.7732558   1.000000e+10
0.7790698   1.000000e+10
0.7848837   1.000000e+10
0.7906977   1.000000e+10
0.7965117   1.000000e+10
0.8023256   1.000000e+10
0.8081396   1.000000e+10
0.8139535   1.000000e+10
0.8197674   1.000000e+10
0.8255814   1.000000e+10
0.8313953   1.000000e+10
0.8372093   1.000000e+10
0.8430232   1.000000e+10
0.8488372   1.000000e+10
0.8546512   1.000000e+10
0.8604651   1.000000e+10
0.8662791   1.000000e+10
0.872093   1.000000e+10
0.877907   1.000000e+10
0.8837209   1.000000e+10
0.8895349   1.000000e+10
0.8953488   1.000000e+10
0.9011628   1.000000e+10
0.9069768   1.000000e+10
0.9127907   1.000000e+10
0.9186047   1.000000e+10
0.9244186   1.000000e+10
0.9302326   1.000000e+10
0.9360465   1.000000e+10
0.9418604   1.000000e+10
0.9476744   1.000000e+10
0.9534883   1.000000e+10
0.9593023   1.000000e+10
0.9651163   1.000000e+10
0.9709302   1.000000e+10
0.9767442   1.000000e+10
0.9825581   1.000000e+10
0.9883721   1.000000e+10
0.994186   1.000000e+10
1   1.000000e+10
