0   7.035314e-6
0.005814   8.076425e-6
0.0116279   9.529461e-6
0.0174419   0.0000154
0.0232558   0.0000166
0.0290698   0.0000235
0.0348837   0.0000235
0.0406977   0.0000409
0.0465116   0.0000409
0.0523256   0.0000556
0.0581395   0.0000701
0.0639535   0.0000701
0.0697674   0.0001037
0.0755814   0.0001037
0.0813954   0.0001037
0.0872093   0.0001654
0.0930233   0.0001654
0.0988372   0.0001654
0.1046512   0.0001654
0.1104651   0.0002724
0.1162791   0.0002724
0.122093   0.0002724
0.127907   0.0002724
0.1337209   0.0003185
0.1395349   0.0003185
0.1453488   0.0003185
0.1511628   0.0003185
0.1569767   0.0006202
0.1627907   0.0003844
0.1686047   0.0003844
0.1744186   0.0003844
0.1802326   0.0003844
0.1860465   0.0006627
0.1918605   0.0006627
0.1976744   0.0006627
0.2034884   0.0003153
0.2093023   0.0003153
0.2151163   0.0003153
0.2209302   0.0003684
0.2267442   0.0003684
0.2325581   0.0003684
0.2383721   0.0003684
0.244186   0.0009011
0.25   0.0009011
0.255814   0.0009011
0.2616279   0.0009011
0.2674419   0.0013064
0.2732558   0.0013064
0.2790698   0.0013064
0.2848837   0.0025932
0.2906977   0.0025932
0.2965116   0.0025932
0.3023256   0.0025932
0.3081395   0.0025932
0.3139535   0.0007307
0.3197674   0.0007307
0.3255814   0.0007307
0.3313954   0.00083
0.3372093   0.00083
0.3430233   0.00083
0.3488372   0.0009214
0.3546512   0.0009214
0.3604651   0.0009214
0.3662791   0.0009214
0.372093   0.0010419
0.377907   0.0010419
0.3837209   0.0010419
0.3895349   0.0011627
0.3953488   0.0011627
0.4011628   0.0011627
0.4069767   0.0012603
0.4127907   0.0012603
0.4186046   0.0012603
0.4244186   0.0012603
0.4302326   0.0013904
0.4360465   0.0013904
0.4418605   0.0013904
0.4476744   0.0015215
0.4534884   0.0015215
0.4593023   0.0015215
0.4651163   0.0015215
0.4709302   0.0016575
0.4767442   0.0016575
0.4825581   0.0016575
0.4883721   0.0017899
0.494186   0.0017899
0.5   0.0017899
0.505814   0.0019162
0.5116279   0.0019162
0.5174419   0.0019162
0.5232558   0.0019162
0.5290698   0.0020563
0.5348837   0.0020563
0.5406977   0.0020563
0.5465117   0.0021715
0.5523256   0.0021715
0.5581396   0.0021715
0.5639535   0.0021715
0.5697674   0.0023263
0.5755814   0.0023263
0.5813953   0.0023263
0.5872093   0.0024767
0.5930232   0.0024767
0.5988372   0.0024767
0.6046512   0.0026503
0.6104651   0.0026503
0.6162791   0.0026503
0.622093   0.0026503
0.627907   0.0028233
0.6337209   0.0028233
0.6395349   0.0028233
0.6453488   0.0029412
0.6511628   0.0029412
0.6569768   0.0029412
0.6627907   0.0031491
0.6686047   0.0031491
0.6744186   0.0031491
0.6802326   0.0031491
0.6860465   0.0033253
0.6918604   0.0033253
0.6976744   0.0033253
0.7034883   0.0035732
0.7093023   0.0035732
0.7151163   0.0035732
0.7209302   0.0035732
0.7267442   0.0036479
0.7325581   0.0036479
0.7383721   0.0036479
0.744186   0.0039747
0.75   0.0039747
0.755814   0.0039747
0.7616279   0.0041814
0.7674419   0.0041814
0.7732558   0.0041814
0.7790698   0.0041814
0.7848837   0.0045261
0.7906977   0.0045261
0.7965117   0.0045261
0.8023256   0.0046247
0.8081396   0.0046247
0.8139535   0.0046247
0.8197674   0.0046247
0.8255814   0.0048165
0.8313953   0.0048165
0.8372093   0.0048165
0.8430232   0.0050246
0.8488372   0.0050246
0.8546512   0.0050246
0.8604651   0.0052627
0.8662791   0.0052627
0.872093   0.0052627
0.877907   0.0052627
0.8837209   0.0054853
0.8895349   0.0054853
0.8953488   0.0054853
0.9011628   0.0058404
0.9069768   0.0058404
0.9127907   0.0058404
0.9186047   0.0058404
0.9244186   0.0062062
0.9302326   0.0062062
0.9360465   0.0062062
0.9418604   0.0062062
0.9476744   0.006445
0.9534883   0.006445
0.9593023   0.006445
0.9651163   0.0069051
0.9709302   0.0069051
0.9767442   0.0069051
0.9825581   0.0069051
0.9883721   0.0070979
0.994186   0.0070979
1   0.0070979
