0   5.091687e+23
0.005814   4.180709e+23
0.0116279   3.486764e+23
0.0174419   2.414269e+23
0.0232558   1.709152e+23
0.0290698   1.311992e+23
0.0348837   1.311992e+23
0.0406977   8.022849e+22
0.0465116   8.022849e+22
0.0523256   5.976338e+22
0.0581395   4.590570e+22
0.0639535   4.590570e+22
0.0697674   3.443009e+22
0.0755814   3.443009e+22
0.0813954   3.443009e+22
0.0872093   2.056324e+22
0.0930233   2.056324e+22
0.0988372   2.056324e+22
0.1046512   2.056324e+22
0.1104651   1.291450e+22
0.1162791   1.291450e+22
0.122093   1.291450e+22
0.127907   1.291450e+22
0.1337209   9.930054e+21
0.1395349   9.930054e+21
0.1453488   9.930054e+21
0.1511628   9.930054e+21
0.1569767   7.941911e+21
0.1627907   6.386431e+21
0.1686047   6.386431e+21
0.1744186   6.386431e+21
0.1802326   6.386431e+21
0.1860465   5.504599e+21
0.1918605   5.504599e+21
0.1976744   5.504599e+21
0.2034884   4.472585e+21
0.2093023   4.472585e+21
0.2151163   4.472585e+21
0.2209302   3.827469e+21
0.2267442   3.827469e+21
0.2325581   3.827469e+21
0.2383721   3.827469e+21
0.244186   3.057949e+21
0.25   3.057949e+21
0.255814   3.057949e+21
0.2616279   3.057949e+21
0.2674419   2.624919e+21
0.2732558   2.624919e+21
0.2790698   2.624919e+21
0.2848837   2.212175e+21
0.2906977   2.212175e+21
0.2965116   2.212175e+21
0.3023256   2.212175e+21
0.3081395   2.212175e+21
0.3139535   1.929689e+21
0.3197674   1.929689e+21
0.3255814   1.929689e+21
0.3313954   1.698855e+21
0.3372093   1.698855e+21
0.3430233   1.698855e+21
0.3488372   1.530350e+21
0.3546512   1.530350e+21
0.3604651   1.530350e+21
0.3662791   1.530350e+21
0.372093   1.353237e+21
0.377907   1.353237e+21
0.3837209   1.353237e+21
0.3895349   1.212731e+21
0.3953488   1.212731e+21
0.4011628   1.212731e+21
0.4069767   1.118783e+21
0.4127907   1.118783e+21
0.4186046   1.118783e+21
0.4244186   1.118783e+21
0.4302326   1.014078e+21
0.4360465   1.014078e+21
0.4418605   1.014078e+21
0.4476744   9.267421e+20
0.4534884   9.267421e+20
0.4593023   9.267421e+20
0.4651163   9.267421e+20
0.4709302   8.506670e+20
0.4767442   8.506670e+20
0.4825581   8.506670e+20
0.4883721   7.877578e+20
0.494186   7.877578e+20
0.5   7.877578e+20
0.505814   7.358330e+20
0.5116279   7.358330e+20
0.5174419   7.358330e+20
0.5232558   7.358330e+20
0.5290698   6.857142e+20
0.5348837   6.857142e+20
0.5406977   6.857142e+20
0.5465117   6.493085e+20
0.5523256   6.493085e+20
0.5581396   6.493085e+20
0.5639535   6.493085e+20
0.5697674   6.061040e+20
0.5755814   6.061040e+20
0.5813953   6.061040e+20
0.5872093   5.693027e+20
0.5930232   5.693027e+20
0.5988372   5.693027e+20
0.6046512   5.320218e+20
0.6104651   5.320218e+20
0.6162791   5.320218e+20
0.622093   5.320218e+20
0.627907   4.994130e+20
0.6337209   4.994130e+20
0.6395349   4.994130e+20
0.6453488   4.793896e+20
0.6511628   4.793896e+20
0.6569768   4.793896e+20
0.6627907   4.477517e+20
0.6686047   4.477517e+20
0.6744186   4.477517e+20
0.6802326   4.477517e+20
0.6860465   4.240179e+20
0.6918604   4.240179e+20
0.6976744   4.240179e+20
0.7034883   3.946008e+20
0.7093023   3.946008e+20
0.7151163   3.946008e+20
0.7209302   3.946008e+20
0.7267442   3.865241e+20
0.7325581   3.865241e+20
0.7383721   3.865241e+20
0.744186   3.547428e+20
0.75   3.547428e+20
0.755814   3.547428e+20
0.7616279   3.372087e+20
0.7674419   3.372087e+20
0.7732558   3.372087e+20
0.7790698   3.372087e+20
0.7848837   3.115292e+20
0.7906977   3.115292e+20
0.7965117   3.115292e+20
0.8023256   3.048847e+20
0.8081396   3.048847e+20
0.8139535   3.048847e+20
0.8197674   3.048847e+20
0.8255814   2.927448e+20
0.8313953   2.927448e+20
0.8372093   2.927448e+20
0.8430232   2.806194e+20
0.8488372   2.806194e+20
0.8546512   2.806194e+20
0.8604651   2.679217e+20
0.8662791   2.679217e+20
0.872093   2.679217e+20
0.877907   2.679217e+20
0.8837209   2.570497e+20
0.8895349   2.570497e+20
0.8953488   2.570497e+20
0.9011628   2.414222e+20
0.9069768   2.414222e+20
0.9127907   2.414222e+20
0.9186047   2.414222e+20
0.9244186   2.271910e+20
0.9302326   2.271910e+20
0.9360465   2.271910e+20
0.9418604   2.271910e+20
0.9476744   2.187755e+20
0.9534883   2.187755e+20
0.9593023   2.187755e+20
0.9651163   2.041981e+20
0.9709302   2.041981e+20
0.9767442   2.041981e+20
0.9825581   2.041981e+20
0.9883721   1.986491e+20
0.994186   1.986491e+20
1   1.986491e+20
