0   1006.573
0.005814   1135.024
0.0116279   1231.004
0.0174419   1368.328
0.0232558   1493.644
0.0290698   1518.468
0.0348837   1518.468
0.0406977   1586.208
0.0465116   1586.208
0.0523256   1620.511
0.0581395   1650.985
0.0639535   1650.985
0.0697674   1660.418
0.0755814   1660.418
0.0813954   1660.418
0.0872093   1692.606
0.0930233   1692.606
0.0988372   1692.606
0.1046512   1692.606
0.1104651   1702.254
0.1162791   1702.254
0.122093   1702.254
0.127907   1702.254
0.1337209   1709.642
0.1395349   1709.642
0.1453488   1709.642
0.1511628   1709.642
0.1569767   1715.093
0.1627907   1717.671
0.1686047   1717.671
0.1744186   1717.671
0.1802326   1717.671
0.1860465   1726.117
0.1918605   1726.117
0.1976744   1726.117
0.2034884   1724.969
0.2093023   1724.969
0.2151163   1724.969
0.2209302   1729.766
0.2267442   1729.766
0.2325581   1729.766
0.2383721   1729.766
0.244186   1731.907
0.25   1731.907
0.255814   1731.907
0.2616279   1731.907
0.2674419   1730.777
0.2732558   1730.777
0.2790698   1730.777
0.2848837   1737.201
0.2906977   1737.201
0.2965116   1737.201
0.3023256   1737.201
0.3081395   1737.201
0.3139535   1733.424
0.3197674   1733.424
0.3255814   1733.424
0.3313954   1734.613
0.3372093   1734.613
0.3430233   1734.613
0.3488372   1739.145
0.3546512   1739.145
0.3604651   1739.145
0.3662791   1739.145
0.372093   1738.599
0.377907   1738.599
0.3837209   1738.599
0.3895349   1739.835
0.3953488   1739.835
0.4011628   1739.835
0.4069767   1737.802
0.4127907   1737.802
0.4186046   1737.802
0.4244186   1737.802
0.4302326   1738.641
0.4360465   1738.641
0.4418605   1738.641
0.4476744   1735.897
0.4534884   1735.897
0.4593023   1735.897
0.4651163   1735.897
0.4709302   1733.723
0.4767442   1733.723
0.4825581   1733.723
0.4883721   1738.568
0.494186   1738.568
0.5   1738.568
0.505814   1735.107
0.5116279   1735.107
0.5174419   1735.107
0.5232558   1735.107
0.5290698   1735.199
0.5348837   1735.199
0.5406977   1735.199
0.5465117   1737.402
0.5523256   1737.402
0.5581396   1737.402
0.5639535   1737.402
0.5697674   1730.831
0.5755814   1730.831
0.5813953   1730.831
0.5872093   1740.543
0.5930232   1740.543
0.5988372   1740.543
0.6046512   1737.56
0.6104651   1737.56
0.6162791   1737.56
0.622093   1737.56
0.627907   1732.637
0.6337209   1732.637
0.6395349   1732.637
0.6453488   1740.025
0.6511628   1740.025
0.6569768   1740.025
0.6627907   1735.565
0.6686047   1735.565
0.6744186   1735.565
0.6802326   1735.565
0.6860465   1735.082
0.6918604   1735.082
0.6976744   1735.082
0.7034883   1736.03
0.7093023   1736.03
0.7151163   1736.03
0.7209302   1736.03
0.7267442   1738.633
0.7325581   1738.633
0.7383721   1738.633
0.744186   1737.949
0.75   1737.949
0.755814   1737.949
0.7616279   1736.3
0.7674419   1736.3
0.7732558   1736.3
0.7790698   1736.3
0.7848837   1734.189
0.7906977   1734.189
0.7965117   1734.189
0.8023256   1739.677
0.8081396   1739.677
0.8139535   1739.677
0.8197674   1739.677
0.8255814   1742.491
0.8313953   1742.491
0.8372093   1742.491
0.8430232   1745.763
0.8488372   1745.763
0.8546512   1745.763
0.8604651   1747.864
0.8662791   1747.864
0.872093   1747.864
0.877907   1747.864
0.8837209   1744.586
0.8895349   1744.586
0.8953488   1744.586
0.9011628   1744.403
0.9069768   1744.403
0.9127907   1744.403
0.9186047   1744.403
0.9244186   1746.928
0.9302326   1746.928
0.9360465   1746.928
0.9418604   1746.928
0.9476744   1732.772
0.9534883   1732.772
0.9593023   1732.772
0.9651163   1743.091
0.9709302   1743.091
0.9767442   1743.091
0.9825581   1743.091
0.9883721   1740.769
0.994186   1740.769
1   1740.769
