0   209.396
0.005814   183.4741
0.0116279   161.7752
0.0174419   126.9066
0.0232558   98.28011
0.0290698   84.48557
0.0348837   84.48557
0.0406977   65.53887
0.0465116   65.53887
0.0523256   54.71537
0.0581395   49.02788
0.0639535   49.02788
0.0697674   41.2613
0.0755814   41.2613
0.0813954   41.2613
0.0872093   37.38425
0.0930233   37.38425
0.0988372   37.38425
0.1046512   37.38425
0.1104651   29.31355
0.1162791   29.31355
0.122093   29.31355
0.127907   29.31355
0.1337209   27.44245
0.1395349   27.44245
0.1453488   27.44245
0.1511628   27.44245
0.1569767   26.35583
0.1627907   24.71035
0.1686047   24.71035
0.1744186   24.71035
0.1802326   24.71035
0.1860465   24.2914
0.1918605   24.2914
0.1976744   24.2914
0.2034884   22.62389
0.2093023   22.62389
0.2151163   22.62389
0.2209302   22.08823
0.2267442   22.08823
0.2325581   22.08823
0.2383721   22.08823
0.244186   21.90202
0.25   21.90202
0.255814   21.90202
0.2616279   21.90202
0.2674419   21.33927
0.2732558   21.33927
0.2790698   21.33927
0.2848837   21.14786
0.2906977   21.14786
0.2965116   21.14786
0.3023256   21.14786
0.3081395   21.14786
0.3139535   20.67355
0.3197674   20.67355
0.3255814   20.67355
0.3313954   20.0153
0.3372093   20.0153
0.3430233   20.0153
0.3488372   20.31765
0.3546512   20.31765
0.3604651   20.31765
0.3662791   20.31765
0.372093   20.09195
0.377907   20.09195
0.3837209   20.09195
0.3895349   20.10284
0.3953488   20.10284
0.4011628   20.10284
0.4069767   20.01353
0.4127907   20.01353
0.4186046   20.01353
0.4244186   20.01353
0.4302326   19.92824
0.4360465   19.92824
0.4418605   19.92824
0.4476744   19.49119
0.4534884   19.49119
0.4593023   19.49119
0.4651163   19.49119
0.4709302   19.51656
0.4767442   19.51656
0.4825581   19.51656
0.4883721   19.80761
0.494186   19.80761
0.5   19.80761
0.505814   19.50828
0.5116279   19.50828
0.5174419   19.50828
0.5232558   19.50828
0.5290698   19.17602
0.5348837   19.17602
0.5406977   19.17602
0.5465117   19.51491
0.5523256   19.51491
0.5581396   19.51491
0.5639535   19.51491
0.5697674   19.56684
0.5755814   19.56684
0.5813953   19.56684
0.5872093   19.67347
0.5930232   19.67347
0.5988372   19.67347
0.6046512   19.38378
0.6104651   19.38378
0.6162791   19.38378
0.622093   19.38378
0.627907   19.11233
0.6337209   19.11233
0.6395349   19.11233
0.6453488   19.89793
0.6511628   19.89793
0.6569768   19.89793
0.6627907   19.18572
0.6686047   19.18572
0.6744186   19.18572
0.6802326   19.18572
0.6860465   19.49086
0.6918604   19.49086
0.6976744   19.49086
0.7034883   19.51798
0.7093023   19.51798
0.7151163   19.51798
0.7209302   19.51798
0.7267442   19.6553
0.7325581   19.6553
0.7383721   19.6553
0.744186   19.20249
0.75   19.20249
0.755814   19.20249
0.7616279   19.1225
0.7674419   19.1225
0.7732558   19.1225
0.7790698   19.1225
0.7848837   19.01253
0.7906977   19.01253
0.7965117   19.01253
0.8023256   19.09627
0.8081396   19.09627
0.8139535   19.09627
0.8197674   19.09627
0.8255814   19.3554
0.8313953   19.3554
0.8372093   19.3554
0.8430232   19.46054
0.8488372   19.46054
0.8546512   19.46054
0.8604651   19.74968
0.8662791   19.74968
0.872093   19.74968
0.877907   19.74968
0.8837209   19.81574
0.8895349   19.81574
0.8953488   19.81574
0.9011628   19.52431
0.9069768   19.52431
0.9127907   19.52431
0.9186047   19.52431
0.9244186   19.394
0.9302326   19.394
0.9360465   19.394
0.9418604   19.394
0.9476744   19.87048
0.9534883   19.87048
0.9593023   19.87048
0.9651163   19.27147
0.9709302   19.27147
0.9767442   19.27147
0.9825581   19.27147
0.9883721   19.04313
0.994186   19.04313
1   19.04313
