0   199.6086
0.005814   175.6967
0.0116279   157.7457
0.0174419   130.2867
0.0232558   109.4813
0.0290698   98.73373
0.0348837   98.73373
0.0406977   87.6573
0.0465116   87.6573
0.0523256   78.34276
0.0581395   76.94702
0.0639535   76.94702
0.0697674   67.61329
0.0755814   67.61329
0.0813954   67.61329
0.0872093   70.73093
0.0930233   70.73093
0.0988372   70.73093
0.1046512   70.73093
0.1104651   60.75724
0.1162791   60.75724
0.122093   60.75724
0.127907   60.75724
0.1337209   59.659
0.1395349   59.659
0.1453488   59.659
0.1511628   59.659
0.1569767   60.1033
0.1627907   56.9984
0.1686047   56.9984
0.1744186   56.9984
0.1802326   56.9984
0.1860465   58.09597
0.1918605   58.09597
0.1976744   58.09597
0.2034884   54.98166
0.2093023   54.98166
0.2151163   54.98166
0.2209302   54.87126
0.2267442   54.87126
0.2325581   54.87126
0.2383721   54.87126
0.244186   55.70859
0.25   55.70859
0.255814   55.70859
0.2616279   55.70859
0.2674419   55.21888
0.2732558   55.21888
0.2790698   55.21888
0.2848837   55.77951
0.2906977   55.77951
0.2965116   55.77951
0.3023256   55.77951
0.3081395   55.77951
0.3139535   55.39796
0.3197674   55.39796
0.3255814   55.39796
0.3313954   54.29612
0.3372093   54.29612
0.3430233   54.29612
0.3488372   55.74921
0.3546512   55.74921
0.3604651   55.74921
0.3662791   55.74921
0.372093   55.56023
0.377907   55.56023
0.3837209   55.56023
0.3895349   56.21117
0.3953488   56.21117
0.4011628   56.21117
0.4069767   56.40376
0.4127907   56.40376
0.4186046   56.40376
0.4244186   56.40376
0.4302326   56.43524
0.4360465   56.43524
0.4418605   56.43524
0.4476744   55.46276
0.4534884   55.46276
0.4593023   55.46276
0.4651163   55.46276
0.4709302   55.71537
0.4767442   55.71537
0.4825581   55.71537
0.4883721   56.87826
0.494186   56.87826
0.5   56.87826
0.505814   56.1561
0.5116279   56.1561
0.5174419   56.1561
0.5232558   56.1561
0.5290698   55.35927
0.5348837   55.35927
0.5406977   55.35927
0.5465117   56.46244
0.5523256   56.46244
0.5581396   56.46244
0.5639535   56.46244
0.5697674   56.71069
0.5755814   56.71069
0.5813953   56.71069
0.5872093   57.16021
0.5930232   57.16021
0.5988372   57.16021
0.6046512   56.34333
0.6104651   56.34333
0.6162791   56.34333
0.622093   56.34333
0.627907   55.69631
0.6337209   55.69631
0.6395349   55.69631
0.6453488   58.13056
0.6511628   58.13056
0.6569768   58.13056
0.6627907   56.0705
0.6686047   56.0705
0.6744186   56.0705
0.6802326   56.0705
0.6860465   57.05985
0.6918604   57.05985
0.6976744   57.05985
0.7034883   57.31549
0.7093023   57.31549
0.7151163   57.31549
0.7209302   57.31549
0.7267442   57.87626
0.7325581   57.87626
0.7383721   57.87626
0.744186   56.60571
0.75   56.60571
0.755814   56.60571
0.7616279   56.40855
0.7674419   56.40855
0.7732558   56.40855
0.7790698   56.40855
0.7848837   56.12633
0.7906977   56.12633
0.7965117   56.12633
0.8023256   56.41455
0.8081396   56.41455
0.8139535   56.41455
0.8197674   56.41455
0.8255814   57.23299
0.8313953   57.23299
0.8372093   57.23299
0.8430232   57.59303
0.8488372   57.59303
0.8546512   57.59303
0.8604651   58.48828
0.8662791   58.48828
0.872093   58.48828
0.877907   58.48828
0.8837209   58.72427
0.8895349   58.72427
0.8953488   58.72427
0.9011628   57.94111
0.9069768   57.94111
0.9127907   57.94111
0.9186047   57.94111
0.9244186   57.58729
0.9302326   57.58729
0.9360465   57.58729
0.9418604   57.58729
0.9476744   58.91369
0.9534883   58.91369
0.9593023   58.91369
0.9651163   57.27372
0.9709302   57.27372
0.9767442   57.27372
0.9825581   57.27372
0.9883721   56.60112
0.994186   56.60112
1   56.60112
