0   213.4116
0.005814   186.1199
0.0116279   163.0705
0.0174419   124.4349
0.0232558   92.77298
0.0290698   77.13102
0.0348837   77.13102
0.0406977   54.76095
0.0465116   54.76095
0.0523256   43.6118
0.0581395   36.59551
0.0639535   36.59551
0.0697674   28.74041
0.0755814   28.74041
0.0813954   28.74041
0.0872093   22.2799
0.0930233   22.2799
0.0988372   22.2799
0.1046512   22.2799
0.1104651   14.22516
0.1162791   14.22516
0.122093   14.22516
0.127907   14.22516
0.1337209   12.02182
0.1395349   12.02182
0.1453488   12.02182
0.1511628   12.02182
0.1569767   10.03048
0.1627907   9.136497
0.1686047   9.136497
0.1744186   9.136497
0.1802326   9.136497
0.1860465   7.693954
0.1918605   7.693954
0.1976744   7.693954
0.2034884   6.747267
0.2093023   6.747267
0.2151163   6.747267
0.2209302   5.885629
0.2267442   5.885629
0.2325581   5.885629
0.2383721   5.885629
0.244186   5.130661
0.25   5.130661
0.255814   5.130661
0.2616279   5.130661
0.2674419   4.80175
0.2732558   4.80175
0.2790698   4.80175
0.2848837   4.019128
0.2906977   4.019128
0.2965116   4.019128
0.3023256   4.019128
0.3081395   4.019128
0.3139535   3.491938
0.3197674   3.491938
0.3255814   3.491938
0.3313954   3.051504
0.3372093   3.051504
0.3430233   3.051504
0.3488372   2.735686
0.3546512   2.735686
0.3604651   2.735686
0.3662791   2.735686
0.372093   2.447855
0.377907   2.447855
0.3837209   2.447855
0.3895349   2.126549
0.3953488   2.126549
0.4011628   2.126549
0.4069767   1.900868
0.4127907   1.900868
0.4186046   1.900868
0.4244186   1.900868
0.4302326   1.735328
0.4360465   1.735328
0.4418605   1.735328
0.4476744   1.598203
0.4534884   1.598203
0.4593023   1.598203
0.4651163   1.598203
0.4709302   1.502588
0.4767442   1.502588
0.4825581   1.502588
0.4883721   1.341867
0.494186   1.341867
0.5   1.341867
0.505814   1.224388
0.5116279   1.224388
0.5174419   1.224388
0.5232558   1.224388
0.5290698   1.126003
0.5348837   1.126003
0.5406977   1.126003
0.5465117   1.082772
0.5523256   1.082772
0.5581396   1.082772
0.5639535   1.082772
0.5697674   1.064037
0.5755814   1.064037
0.5813953   1.064037
0.5872093   0.9854259
0.5930232   0.9854259
0.5988372   0.9854259
0.6046512   0.9258269
0.6104651   0.9258269
0.6162791   0.9258269
0.622093   0.9258269
0.627907   0.8138141
0.6337209   0.8138141
0.6395349   0.8138141
0.6453488   0.7802895
0.6511628   0.7802895
0.6569768   0.7802895
0.6627907   0.7629718
0.6686047   0.7629718
0.6744186   0.7629718
0.6802326   0.7629718
0.6860465   0.7223488
0.6918604   0.7223488
0.6976744   0.7223488
0.7034883   0.6228232
0.7093023   0.6228232
0.7151163   0.6228232
0.7209302   0.6228232
0.7267442   0.5574901
0.7325581   0.5574901
0.7383721   0.5574901
0.744186   0.4827606
0.75   0.4827606
0.755814   0.4827606
0.7616279   0.4555776
0.7674419   0.4555776
0.7732558   0.4555776
0.7790698   0.4555776
0.7848837   0.4322342
0.7906977   0.4322342
0.7965117   0.4322342
0.8023256   0.4397295
0.8081396   0.4397295
0.8139535   0.4397295
0.8197674   0.4397295
0.8255814   0.4354402
0.8313953   0.4354402
0.8372093   0.4354402
0.8430232   0.4175121
0.8488372   0.4175121
0.8546512   0.4175121
0.8604651   0.4121434
0.8662791   0.4121434
0.872093   0.4121434
0.877907   0.4121434
0.8837209   0.3922029
0.8895349   0.3922029
0.8953488   0.3922029
0.9011628   0.3325784
0.9069768   0.3325784
0.9127907   0.3325784
0.9186047   0.3325784
0.9244186   0.3115055
0.9302326   0.3115055
0.9360465   0.3115055
0.9418604   0.3115055
0.9476744   0.3740274
0.9534883   0.3740274
0.9593023   0.3740274
0.9651163   0.2723455
0.9709302   0.2723455
0.9767442   0.2723455
0.9825581   0.2723455
0.9883721   0.2707392
0.994186   0.2707392
1   0.2707392
