0   215.1677
0.005814   188.6058
0.0116279   164.5092
0.0174419   125.9984
0.0232558   92.58604
0.0290698   77.59196
0.0348837   77.59196
0.0406977   54.1984
0.0465116   54.1984
0.0523256   42.19147
0.0581395   33.54107
0.0639535   33.54107
0.0697674   27.43019
0.0755814   27.43019
0.0813954   27.43019
0.0872093   19.14197
0.0930233   19.14197
0.0988372   19.14197
0.1046512   19.14197
0.1104651   12.95821
0.1162791   12.95821
0.122093   12.95821
0.127907   12.95821
0.1337209   10.64653
0.1395349   10.64653
0.1453488   10.64653
0.1511628   10.64653
0.1569767   8.933739
0.1627907   7.996197
0.1686047   7.996197
0.1744186   7.996197
0.1802326   7.996197
0.1860465   7.084273
0.1918605   7.084273
0.1976744   7.084273
0.2034884   6.142699
0.2093023   6.142699
0.2151163   6.142699
0.2209302   5.507778
0.2267442   5.507778
0.2325581   5.507778
0.2383721   5.507778
0.244186   4.866793
0.25   4.866793
0.255814   4.866793
0.2616279   4.866793
0.2674419   3.99719
0.2732558   3.99719
0.2790698   3.99719
0.2848837   3.644925
0.2906977   3.644925
0.2965116   3.644925
0.3023256   3.644925
0.3081395   3.644925
0.3139535   3.130779
0.3197674   3.130779
0.3255814   3.130779
0.3313954   2.698368
0.3372093   2.698368
0.3430233   2.698368
0.3488372   2.467979
0.3546512   2.467979
0.3604651   2.467979
0.3662791   2.467979
0.372093   2.267784
0.377907   2.267784
0.3837209   2.267784
0.3895349   1.970733
0.3953488   1.970733
0.4011628   1.970733
0.4069767   1.735897
0.4127907   1.735897
0.4186046   1.735897
0.4244186   1.735897
0.4302326   1.614116
0.4360465   1.614116
0.4418605   1.614116
0.4476744   1.412529
0.4534884   1.412529
0.4593023   1.412529
0.4651163   1.412529
0.4709302   1.331706
0.4767442   1.331706
0.4825581   1.331706
0.4883721   1.202691
0.494186   1.202691
0.5   1.202691
0.505814   1.144325
0.5116279   1.144325
0.5174419   1.144325
0.5232558   1.144325
0.5290698   1.042874
0.5348837   1.042874
0.5406977   1.042874
0.5465117   0.9995531
0.5523256   0.9995531
0.5581396   0.9995531
0.5639535   0.9995531
0.5697674   0.9257423
0.5755814   0.9257423
0.5813953   0.9257423
0.5872093   0.8748649
0.5930232   0.8748649
0.5988372   0.8748649
0.6046512   0.8821158
0.6104651   0.8821158
0.6162791   0.8821158
0.622093   0.8821158
0.627907   0.8268464
0.6337209   0.8268464
0.6395349   0.8268464
0.6453488   0.7828826
0.6511628   0.7828826
0.6569768   0.7828826
0.6627907   0.7236826
0.6686047   0.7236826
0.6744186   0.7236826
0.6802326   0.7236826
0.6860465   0.6903543
0.6918604   0.6903543
0.6976744   0.6903543
0.7034883   0.6156252
0.7093023   0.6156252
0.7151163   0.6156252
0.7209302   0.6156252
0.7267442   0.5320979
0.7325581   0.5320979
0.7383721   0.5320979
0.744186   0.5189131
0.75   0.5189131
0.755814   0.5189131
0.7616279   0.5033759
0.7674419   0.5033759
0.7732558   0.5033759
0.7790698   0.5033759
0.7848837   0.4789903
0.7906977   0.4789903
0.7965117   0.4789903
0.8023256   0.4344787
0.8081396   0.4344787
0.8139535   0.4344787
0.8197674   0.4344787
0.8255814   0.397658
0.8313953   0.397658
0.8372093   0.397658
0.8430232   0.3710563
0.8488372   0.3710563
0.8546512   0.3710563
0.8604651   0.3485459
0.8662791   0.3485459
0.872093   0.3485459
0.877907   0.3485459
0.8837209   0.3307365
0.8895349   0.3307365
0.8953488   0.3307365
0.9011628   0.2992445
0.9069768   0.2992445
0.9127907   0.2992445
0.9186047   0.2992445
0.9244186   0.2831549
0.9302326   0.2831549
0.9360465   0.2831549
0.9418604   0.2831549
0.9476744   0.3236698
0.9534883   0.3236698
0.9593023   0.3236698
0.9651163   0.2682758
0.9709302   0.2682758
0.9767442   0.2682758
0.9825581   0.2682758
0.9883721   0.2574479
0.994186   0.2574479
1   0.2574479
