0   1.052862
0.005814   1.254406
0.0116279   1.500317
0.0174419   1.783064
0.0232558   2.087898
0.0290698   2.400918
0.0348837   2.71379
0.0406977   3.022804
0.0465116   3.324769
0.0523256   3.619919
0.0581395   3.859405
0.0639535   4.139265
0.0697674   4.412714
0.0755814   4.6766
0.0813954   4.933423
0.0872093   5.184783
0.0930233   5.425578
0.0988372   5.614039
0.1046512   5.896935
0.1104651   6.101012
0.1162791   6.316216
0.122093   6.46251
0.127907   6.826579
0.1337209   6.893245
0.1395349   6.999171
0.1453488   7.399159
0.1511628   7.67346
0.1569767   7.63898
0.1627907   7.848609
0.1686047   8.072648
0.1744186   8.12711
0.1802326   8.386093
0.1860465   8.522423
0.1918605   8.61042
0.1976744   8.708297
0.2034884   8.983307
0.2093023   9.113154
0.2151163   9.068456
0.2209302   9.430228
0.2267442   9.678867
0.2325581   9.796009
0.2383721   10.00581
0.244186   9.980542
0.25   10.04143
0.255814   10.39
0.2616279   10.3272
0.2674419   10.72138
0.2732558   10.56357
0.2790698   10.77212
0.2848837   10.92734
0.2906977   10.9737
0.2965116   11.17122
0.3023256   11.30617
0.3081395   11.52509
0.3139535   11.46071
0.3197674   11.6182
0.3255814   11.58965
0.3313954   11.71487
0.3372093   11.95555
0.3430233   12.03153
0.3488372   12.13675
0.3546512   12.29045
0.3604651   12.2042
0.3662791   12.5293
0.372093   12.57761
0.377907   12.67909
0.3837209   12.64442
0.3895349   12.83973
0.3953488   12.94827
0.4011628   12.87444
0.4069767   13.09103
0.4127907   13.30068
0.4186046   13.30068
0.4244186   13.28213
0.4302326   13.47506
0.4360465   13.71277
0.4418605   13.59609
0.4476744   13.6262
0.4534884   13.89462
0.4593023   13.75056
0.4651163   13.74981
0.4709302   14.07878
0.4767442   14.03822
0.4825581   14.13488
0.4883721   14.10224
0.494186   14.35286
0.5   14.50698
0.505814   14.02394
0.5116279   14.68586
0.5174419   14.68586
0.5232558   14.69283
0.5290698   14.69283
0.5348837   14.85382
0.5406977   14.83447
0.5465117   14.99474
0.5523256   14.79996
0.5581396   14.7927
0.5639535   15.00581
0.5697674   15.40098
0.5755814   15.40098
0.5813953   15.35351
0.5872093   15.35351
0.5930232   15.3953
0.5988372   15.3953
0.6046512   15.5471
0.6104651   15.56489
0.6162791   15.56489
0.622093   15.66997
0.627907   15.58267
0.6337209   15.5311
0.6395349   16.01256
0.6453488   16.01256
0.6511628   15.83202
0.6569768   16.1035
0.6627907   16.1035
0.6686047   16.20963
0.6744186   16.03168
0.6802326   16.26048
0.6860465   16.26048
0.6918604   16.38721
0.6976744   16.38721
0.7034883   16.03642
0.7093023   16.48036
0.7151163   16.38395
0.7209302   16.39741
0.7267442   16.70594
0.7325581   16.70594
0.7383721   16.55984
0.744186   16.58576
0.75   16.79101
0.755814   16.87726
0.7616279   16.87726
0.7674419   16.90893
0.7732558   16.90893
0.7790698   16.91272
0.7848837   16.91272
0.7906977   16.90902
0.7965117   17.32708
0.8023256   17.32708
0.8081396   17.0008
0.8139535   17.0008
0.8197674   17.21301
0.8255814   17.04939
0.8313953   17.04939
0.8372093   17.44565
0.8430232   17.44565
0.8488372   17.23488
0.8546512   17.23488
0.8604651   17.33934
0.8662791   17.38694
0.872093   17.54184
0.877907   17.30685
0.8837209   17.30685
0.8895349   17.64074
0.8953488   17.8115
0.9011628   17.8115
0.9069768   17.66058
0.9127907   17.66058
0.9186047   17.64333
0.9244186   17.80846
0.9302326   17.80846
0.9360465   17.86491
0.9418604   17.86491
0.9476744   17.77217
0.9534883   17.99981
0.9593023   17.99981
0.9651163   17.97438
0.9709302   17.97438
0.9767442   18.06406
0.9825581   18.06406
0.9883721   18.06517
0.994186   18.15693
1   18.15693
