0   3.197295e-10
0.005814   3.892509e-10
0.0116279   5.000497e-10
0.0174419   6.711875e-10
0.0232558   9.174713e-10
0.0290698   1.254743e-9
0.0348837   1.692502e-9
0.0406977   2.243390e-9
0.0465116   2.917187e-9
0.0523256   3.720573e-9
0.0581395   4.497715e-9
0.0639535   5.566556e-9
0.0697674   6.792924e-9
0.0755814   8.174604e-9
0.0813954   9.710239e-9
0.0872093   1.144013e-8
0.0930233   1.330545e-8
0.0988372   1.538601e-8
0.1046512   1.749743e-8
0.1104651   2.043232e-8
0.1162791   2.411678e-8
0.122093   2.473407e-8
0.127907   2.725975e-8
0.1337209   3.123658e-8
0.1395349   3.382354e-8
0.1453488   3.868069e-8
0.1511628   3.776213e-8
0.1569767   4.857544e-8
0.1627907   5.563133e-8
0.1686047   4.758017e-8
0.1744186   6.033900e-8
0.1802326   5.568228e-8
0.1860465   6.346234e-8
0.1918605   6.442863e-8
0.1976744   7.692893e-8
0.2034884   8.439586e-8
0.2093023   8.646485e-8
0.2151163   6.785660e-8
0.2209302   9.537298e-8
0.2267442   8.534322e-8
0.2325581   1.009363e-7
0.2383721   1.200613e-7
0.244186   9.754861e-8
0.25   1.214536e-7
0.255814   1.356727e-7
0.2616279   1.362367e-7
0.2674419   1.432135e-7
0.2732558   1.402776e-7
0.2790698   1.094423e-7
0.2848837   1.324155e-7
0.2906977   1.226430e-7
0.2965116   1.821437e-7
0.3023256   1.396895e-7
0.3081395   1.799569e-7
0.3139535   1.910164e-7
0.3197674   1.798849e-7
0.3255814   1.689843e-7
0.3313954   2.100942e-7
0.3372093   1.985387e-7
0.3430233   2.797821e-7
0.3488372   1.901914e-7
0.3546512   2.373256e-7
0.3604651   2.148557e-7
0.3662791   3.011000e-7
0.372093   2.365257e-7
0.377907   3.215670e-7
0.3837209   3.874875e-7
0.3895349   3.112122e-7
0.3953488   3.354437e-7
0.4011628   3.125358e-7
0.4069767   2.905024e-7
0.4127907   3.398562e-7
0.4186046   3.398562e-7
0.4244186   4.115544e-7
0.4302326   4.164120e-7
0.4360465   3.054195e-7
0.4418605   4.076473e-7
0.4476744   3.819130e-7
0.4534884   4.420492e-7
0.4593023   4.124641e-7
0.4651163   4.345625e-7
0.4709302   4.260951e-7
0.4767442   4.938634e-7
0.4825581   5.333309e-7
0.4883721   5.824855e-7
0.494186   4.689605e-7
0.5   5.050829e-7
0.505814   5.548143e-7
0.5116279   4.678058e-7
0.5174419   4.678058e-7
0.5232558   6.551493e-7
0.5290698   6.551493e-7
0.5348837   5.152096e-7
0.5406977   7.339572e-7
0.5465117   6.516833e-7
0.5523256   8.262252e-7
0.5581396   7.062797e-7
0.5639535   5.923733e-7
0.5697674   7.536772e-7
0.5755814   7.536772e-7
0.5813953   6.843524e-7
0.5872093   6.843524e-7
0.5930232   8.285364e-7
0.5988372   8.285364e-7
0.6046512   9.750258e-7
0.6104651   6.952542e-7
0.6162791   6.952542e-7
0.622093   8.270996e-7
0.627907   1.203241e-6
0.6337209   1.078213e-6
0.6395349   1.018481e-6
0.6453488   1.018481e-6
0.6511628   1.045312e-6
0.6569768   8.283375e-7
0.6627907   8.283375e-7
0.6686047   1.141521e-6
0.6744186   1.256412e-6
0.6802326   8.869163e-7
0.6860465   8.869163e-7
0.6918604   1.257050e-6
0.6976744   1.257050e-6
0.7034883   1.353204e-6
0.7093023   1.128392e-6
0.7151163   1.681386e-6
0.7209302   1.432228e-6
0.7267442   1.223848e-6
0.7325581   1.223848e-6
0.7383721   1.603025e-6
0.744186   1.507986e-6
0.75   1.710339e-6
0.755814   1.451937e-6
0.7616279   1.451937e-6
0.7674419   1.849026e-6
0.7732558   1.849026e-6
0.7790698   1.679742e-6
0.7848837   1.679742e-6
0.7906977   1.991429e-6
0.7965117   1.440918e-6
0.8023256   1.440918e-6
0.8081396   2.158361e-6
0.8139535   2.158361e-6
0.8197674   2.107852e-6
0.8255814   2.090084e-6
0.8313953   2.090084e-6
0.8372093   2.249374e-6
0.8430232   2.249374e-6
0.8488372   2.364150e-6
0.8546512   2.364150e-6
0.8604651   2.523280e-6
0.8662791   2.109258e-6
0.872093   2.311305e-6
0.877907   2.116057e-6
0.8837209   2.116057e-6
0.8895349   2.630778e-6
0.8953488   2.634651e-6
0.9011628   2.634651e-6
0.9069768   2.539163e-6
0.9127907   2.539163e-6
0.9186047   3.111694e-6
0.9244186   2.804335e-6
0.9302326   2.804335e-6
0.9360465   2.687130e-6
0.9418604   2.687130e-6
0.9476744   2.878835e-6
0.9534883   3.066684e-6
0.9593023   3.066684e-6
0.9651163   3.058254e-6
0.9709302   3.058254e-6
0.9767442   2.955131e-6
0.9825581   2.955131e-6
0.9883721   3.266577e-6
0.994186   3.713610e-6
1   3.713610e-6
