0   3.197562e-7
0.005814   3.691308e-7
0.0116279   4.425167e-7
0.0174419   5.473143e-7
0.0232558   6.851414e-7
0.0290698   8.580143e-7
0.0348837   1.063599e-6
0.0406977   1.302077e-6
0.0465116   1.572832e-6
0.0523256   1.873335e-6
0.0581395   2.147861e-6
0.0639535   2.505598e-6
0.0697674   2.894047e-6
0.0755814   3.310426e-6
0.0813954   3.750244e-6
0.0872093   4.225964e-6
0.0930233   4.717419e-6
0.0988372   5.300697e-6
0.1046512   5.745340e-6
0.1104651   6.521605e-6
0.1162791   7.437848e-6
0.122093   7.482041e-6
0.127907   7.801917e-6
0.1337209   8.905205e-6
0.1395349   9.473640e-6
0.1453488   0.0000102
0.1511628   9.665395e-6
0.1569767   0.0000126
0.1627907   0.0000139
0.1686047   0.0000116
0.1744186   0.0000147
0.1802326   0.0000132
0.1860465   0.0000147
0.1918605   0.0000148
0.1976744   0.0000176
0.2034884   0.0000186
0.2093023   0.0000189
0.2151163   0.0000148
0.2209302   0.0000201
0.2267442   0.0000175
0.2325581   0.0000205
0.2383721   0.0000238
0.244186   0.0000195
0.25   0.0000241
0.255814   0.000026
0.2616279   0.0000263
0.2674419   0.0000265
0.2732558   0.0000265
0.2790698   0.0000203
0.2848837   0.0000242
0.2906977   0.0000223
0.2965116   0.0000326
0.3023256   0.0000248
0.3081395   0.0000312
0.3139535   0.0000333
0.3197674   0.000031
0.3255814   0.0000292
0.3313954   0.0000359
0.3372093   0.0000331
0.3430233   0.0000465
0.3488372   0.0000313
0.3546512   0.0000387
0.3604651   0.0000352
0.3662791   0.000048
0.372093   0.0000377
0.377907   0.0000507
0.3837209   0.0000614
0.3895349   0.0000484
0.3953488   0.0000519
0.4011628   0.0000486
0.4069767   0.0000444
0.4127907   0.0000512
0.4186046   0.0000512
0.4244186   0.000062
0.4302326   0.0000621
0.4360465   0.0000448
0.4418605   0.00006
0.4476744   0.0000562
0.4534884   0.0000638
0.4593023   0.00006
0.4651163   0.0000634
0.4709302   0.0000606
0.4767442   0.0000704
0.4825581   0.0000757
0.4883721   0.0000829
0.494186   0.0000653
0.5   0.0000696
0.505814   0.0000794
0.5116279   0.000064
0.5174419   0.000064
0.5232558   0.0000896
0.5290698   0.0000896
0.5348837   0.0000697
0.5406977   0.0000991
0.5465117   0.0000874
0.5523256   0.0001118
0.5581396   0.0000962
0.5639535   0.000079
0.5697674   0.0000983
0.5755814   0.0000983
0.5813953   0.0000893
0.5872093   0.0000893
0.5930232   0.000108
0.5988372   0.000108
0.6046512   0.0001256
0.6104651   0.0000897
0.6162791   0.0000897
0.622093   0.0001059
0.627907   0.0001549
0.6337209   0.0001397
0.6395349   0.0001275
0.6453488   0.0001275
0.6511628   0.0001325
0.6569768   0.0001033
0.6627907   0.0001033
0.6686047   0.0001408
0.6744186   0.0001573
0.6802326   0.00011
0.6860465   0.00011
0.6918604   0.0001538
0.6976744   0.0001538
0.7034883   0.00017
0.7093023   0.0001374
0.7151163   0.000206
0.7209302   0.0001759
0.7267442   0.000147
0.7325581   0.000147
0.7383721   0.0001947
0.744186   0.0001824
0.75   0.0002048
0.755814   0.0001729
0.7616279   0.0001729
0.7674419   0.0002196
0.7732558   0.0002196
0.7790698   0.0001995
0.7848837   0.0001995
0.7906977   0.0002368
0.7965117   0.0001672
0.8023256   0.0001672
0.8081396   0.000255
0.8139535   0.000255
0.8197674   0.0002459
0.8255814   0.0002463
0.8313953   0.0002463
0.8372093   0.0002589
0.8430232   0.0002589
0.8488372   0.0002759
0.8546512   0.0002759
0.8604651   0.0002921
0.8662791   0.0002438
0.872093   0.0002647
0.877907   0.0002462
0.8837209   0.0002462
0.8895349   0.0002997
0.8953488   0.0002974
0.9011628   0.0002974
0.9069768   0.0002888
0.9127907   0.0002888
0.9186047   0.0003547
0.9244186   0.0003166
0.9302326   0.0003166
0.9360465   0.0003022
0.9418604   0.0003022
0.9476744   0.0003254
0.9534883   0.0003425
0.9593023   0.0003425
0.9651163   0.000342
0.9709302   0.000342
0.9767442   0.0003289
0.9825581   0.0003289
0.9883721   0.0003637
0.994186   0.0004112
1   0.0004112
