0   956.5322
0.005814   814.9119
0.0116279   664.9506
0.0174419   523.7046
0.0232558   406.2414
0.0290698   315.1815
0.0348837   247.0226
0.0406977   196.4132
0.0465116   158.6075
0.0523256   129.8916
0.0581395   111.1506
0.0639535   93.31236
0.0697674   79.20068
0.0755814   67.95299
0.0813954   58.89378
0.0872093   51.333
0.0930233   45.23478
0.0988372   80.88389
0.1046512   36.0055
0.1104651   63.43877
0.1162791   64.65016
0.122093   53.57647
0.127907   50.60282
0.1337209   43.25734
0.1395349   60.70856
0.1453488   43.79917
0.1511628   18.64308
0.1569767   70.07173
0.1627907   80.49734
0.1686047   29.31356
0.1744186   103.7746
0.1802326   56.34098
0.1860465   37.97249
0.1918605   31.08486
0.1976744   79.0121
0.2034884   86.11449
0.2093023   32.13396
0.2151163   50.22964
0.2209302   47.17891
0.2267442   21.90084
0.2325581   32.91434
0.2383721   68.84728
0.244186   22.53535
0.25   49.40728
0.255814   50.07086
0.2616279   60.04035
0.2674419   66.05742
0.2732558   73.68911
0.2790698   52.89901
0.2848837   52.13807
0.2906977   85.43842
0.2965116   78.30863
0.3023256   34.05251
0.3081395   59.49924
0.3139535   48.59955
0.3197674   35.46339
0.3255814   36.83731
0.3313954   67.11675
0.3372093   48.98523
0.3430233   71.39335
0.3488372   50.08812
0.3546512   63.86574
0.3604651   56.94619
0.3662791   74.29675
0.372093   53.67966
0.377907   56.14912
0.3837209   71.26288
0.3895349   45.84037
0.3953488   51.99324
0.4011628   48.60704
0.4069767   39.83686
0.4127907   44.45756
0.4186046   44.45756
0.4244186   73.54741
0.4302326   48.45689
0.4360465   22.65655
0.4418605   44.59196
0.4476744   60.59599
0.4534884   49.91193
0.4593023   36.76529
0.4651163   55.94792
0.4709302   52.06888
0.4767442   40.23576
0.4825581   44.50772
0.4883721   37.38939
0.494186   37.1036
0.5   43.38437
0.505814   43.82327
0.5116279   68.55531
0.5174419   68.55531
0.5232558   61.41894
0.5290698   61.41894
0.5348837   34.66254
0.5406977   39.28845
0.5465117   40.30222
0.5523256   74.15913
0.5581396   34.13687
0.5639535   32.56777
0.5697674   54.01121
0.5755814   54.01121
0.5813953   46.15167
0.5872093   46.15167
0.5930232   39.85226
0.5988372   39.85226
0.6046512   78.47375
0.6104651   35.24307
0.6162791   35.24307
0.622093   39.50128
0.627907   66.82993
0.6337209   70.0692
0.6395349   52.75048
0.6453488   52.75048
0.6511628   43.9129
0.6569768   44.46518
0.6627907   44.46518
0.6686047   60.61191
0.6744186   46.45078
0.6802326   31.99596
0.6860465   31.99596
0.6918604   70.28947
0.6976744   70.28947
0.7034883   54.3619
0.7093023   29.85594
0.7151163   58.2054
0.7209302   84.75949
0.7267442   30.98529
0.7325581   30.98529
0.7383721   39.31937
0.744186   59.93137
0.75   75.08834
0.755814   35.51462
0.7616279   35.51462
0.7674419   69.20617
0.7732558   69.20617
0.7790698   33.98115
0.7848837   33.98115
0.7906977   77.89113
0.7965117   30.67606
0.8023256   30.67606
0.8081396   60.34667
0.8139535   60.34667
0.8197674   72.02924
0.8255814   46.8105
0.8313953   46.8105
0.8372093   58.64899
0.8430232   58.64899
0.8488372   64.57844
0.8546512   64.57844
0.8604651   51.72322
0.8662791   31.30432
0.872093   40.62926
0.877907   52.33434
0.8837209   52.33434
0.8895349   57.07912
0.8953488   61.81651
0.9011628   61.81651
0.9069768   53.83468
0.9127907   53.83468
0.9186047   47.54413
0.9244186   55.30948
0.9302326   55.30948
0.9360465   54.71479
0.9418604   54.71479
0.9476744   44.48016
0.9534883   54.66617
0.9593023   54.66617
0.9651163   49.91665
0.9709302   49.91665
0.9767442   49.49979
0.9825581   49.49979
0.9883721   48.79978
0.994186   46.45574
1   46.45574
