0   1.088674e+25
0.005814   9.272537e+24
0.0116279   7.564097e+24
0.0174419   5.955254e+24
0.0232558   4.617675e+24
0.0290698   3.582184e+24
0.0348837   2.807277e+24
0.0406977   2.232116e+24
0.0465116   1.802441e+24
0.0523256   1.476251e+24
0.0581395   1.263893e+24
0.0639535   1.061185e+24
0.0697674   9.008215e+23
0.0755814   7.727784e+23
0.0813954   6.698866e+23
0.0872093   5.839415e+23
0.0930233   5.146630e+23
0.0988372   4.611868e+23
0.1046512   4.100003e+23
0.1104651   3.618800e+23
0.1162791   3.283937e+23
0.122093   3.054579e+23
0.127907   2.851225e+23
0.1337209   2.461328e+23
0.1395349   2.317272e+23
0.1453488   2.219642e+23
0.1511628   2.114622e+23
0.1569767   1.782635e+23
0.1627907   1.539067e+23
0.1686047   1.669751e+23
0.1744186   1.530521e+23
0.1802326   1.575298e+23
0.1860465   1.335953e+23
0.1918605   1.181935e+23
0.1976744   1.107588e+23
0.2034884   1.050080e+23
0.2093023   1.012613e+23
0.2151163   8.587939e+22
0.2209302   9.548524e+22
0.2267442   8.295277e+22
0.2325581   8.372011e+22
0.2383721   8.190740e+22
0.244186   7.907418e+22
0.25   7.017231e+22
0.255814   6.827968e+22
0.2616279   6.399623e+22
0.2674419   6.436057e+22
0.2732558   5.964442e+22
0.2790698   5.710826e+22
0.2848837   5.255812e+22
0.2906977   5.498101e+22
0.2965116   5.337730e+22
0.3023256   5.580748e+22
0.3081395   4.975275e+22
0.3139535   4.334692e+22
0.3197674   4.340039e+22
0.3255814   4.098330e+22
0.3313954   3.975358e+22
0.3372093   3.858563e+22
0.3430233   3.751375e+22
0.3488372   3.564180e+22
0.3546512   3.863698e+22
0.3604651   3.155688e+22
0.3662791   3.444589e+22
0.372093   3.475020e+22
0.377907   3.205686e+22
0.3837209   3.004065e+22
0.3895349   2.969662e+22
0.3953488   2.884156e+22
0.4011628   2.541614e+22
0.4069767   2.615384e+22
0.4127907   2.689258e+22
0.4186046   2.689258e+22
0.4244186   2.462613e+22
0.4302326   2.381015e+22
0.4360465   2.360689e+22
0.4418605   2.171588e+22
0.4476744   2.066111e+22
0.4534884   2.302536e+22
0.4593023   2.065519e+22
0.4651163   2.040782e+22
0.4709302   1.972600e+22
0.4767442   1.923171e+22
0.4825581   1.917335e+22
0.4883721   1.837375e+22
0.494186   1.862816e+22
0.5   1.770340e+22
0.505814   1.550555e+22
0.5116279   1.734336e+22
0.5174419   1.734336e+22
0.5232558   1.611694e+22
0.5290698   1.611694e+22
0.5348837   1.600375e+22
0.5406977   1.451748e+22
0.5465117   1.501263e+22
0.5523256   1.332674e+22
0.5581396   1.400672e+22
0.5639535   1.377953e+22
0.5697674   1.343681e+22
0.5755814   1.343681e+22
0.5813953   1.280350e+22
0.5872093   1.280350e+22
0.5930232   1.248178e+22
0.5988372   1.248178e+22
0.6046512   1.224609e+22
0.6104651   1.175627e+22
0.6162791   1.175627e+22
0.622093   1.122841e+22
0.627907   1.115956e+22
0.6337209   1.021336e+22
0.6395349   1.084619e+22
0.6453488   1.084619e+22
0.6511628   1.029371e+22
0.6569768   1.066682e+22
0.6627907   1.066682e+22
0.6686047   9.882942e+21
0.6744186   9.981309e+21
0.6802326   9.221027e+21
0.6860465   9.221027e+21
0.6918604   8.566551e+21
0.6976744   8.566551e+21
0.7034883   9.120041e+21
0.7093023   9.028598e+21
0.7151163   8.240079e+21
0.7209302   8.239110e+21
0.7267442   8.090180e+21
0.7325581   8.090180e+21
0.7383721   8.512872e+21
0.744186   7.563554e+21
0.75   7.722970e+21
0.755814   7.642692e+21
0.7616279   7.642692e+21
0.7674419   7.224606e+21
0.7732558   7.224606e+21
0.7790698   6.982428e+21
0.7848837   6.982428e+21
0.7906977   6.718487e+21
0.7965117   7.127464e+21
0.8023256   7.127464e+21
0.8081396   6.366470e+21
0.8139535   6.366470e+21
0.8197674   6.407786e+21
0.8255814   5.970387e+21
0.8313953   5.970387e+21
0.8372093   6.055794e+21
0.8430232   6.055794e+21
0.8488372   5.806775e+21
0.8546512   5.806775e+21
0.8604651   5.738881e+21
0.8662791   5.818003e+21
0.872093   5.495107e+21
0.877907   5.294508e+21
0.8837209   5.294508e+21
0.8895349   5.457804e+21
0.8953488   5.328298e+21
0.9011628   5.328298e+21
0.9069768   5.082616e+21
0.9127907   5.082616e+21
0.9186047   5.005844e+21
0.9244186   4.977789e+21
0.9302326   4.977789e+21
0.9360465   4.743159e+21
0.9418604   4.743159e+21
0.9476744   4.649548e+21
0.9534883   4.663231e+21
0.9593023   4.663231e+21
0.9651163   4.483473e+21
0.9709302   4.483473e+21
0.9767442   4.452491e+21
0.9825581   4.452491e+21
0.9883721   4.308336e+21
0.994186   4.217805e+21
1   4.217805e+21
