0   851.8457
0.005814   962.3699
0.0116279   1074.12
0.0174419   1176.286
0.0232558   1261.392
0.0290698   1328.221
0.0348837   1379.679
0.0406977   1419.368
0.0465116   1450.216
0.0523256   1474.544
0.0581395   1491.035
0.0639535   1507.306
0.0697674   1520.925
0.0755814   1532.148
0.0813954   1541.456
0.0872093   1549.453
0.0930233   1556.231
0.0988372   1564.716
0.1046512   1566.466
0.1104651   1575.404
0.1162791   1575.934
0.122093   1581.536
0.127907   1580.65
0.1337209   1589.854
0.1395349   1585.98
0.1453488   1582.443
0.1511628   1588.94
0.1569767   1597.969
0.1627907   1583.281
0.1686047   1595.883
0.1744186   1599.651
0.1802326   1602.893
0.1860465   1601.222
0.1918605   1602.361
0.1976744   1609.144
0.2034884   1602.071
0.2093023   1611.138
0.2151163   1597.583
0.2209302   1606.862
0.2267442   1606.76
0.2325581   1608.932
0.2383721   1606.356
0.244186   1613.319
0.25   1612.641
0.255814   1608.76
0.2616279   1615.205
0.2674419   1606.886
0.2732558   1615.329
0.2790698   1613.989
0.2848837   1618.785
0.2906977   1617.008
0.2965116   1615.973
0.3023256   1621.102
0.3081395   1616.803
0.3139535   1615.974
0.3197674   1617.72
0.3255814   1618.46
0.3313954   1619.443
0.3372093   1613.959
0.3430233   1617.416
0.3488372   1616.74
0.3546512   1620.229
0.3604651   1616.498
0.3662791   1616.229
0.372093   1622.361
0.377907   1618.786
0.3837209   1619.855
0.3895349   1616.768
0.3953488   1620.808
0.4011628   1620.06
0.4069767   1617.371
0.4127907   1620.972
0.4186046   1620.972
0.4244186   1619.028
0.4302326   1624.579
0.4360465   1628.039
0.4418605   1619.596
0.4476744   1621.245
0.4534884   1622.003
0.4593023   1619.014
0.4651163   1622.086
0.4709302   1620.793
0.4767442   1619.739
0.4825581   1622.956
0.4883721   1623.46
0.494186   1616.62
0.5   1617.385
0.505814   1623.332
0.5116279   1624.977
0.5174419   1624.977
0.5232558   1625.393
0.5290698   1625.393
0.5348837   1624.902
0.5406977   1620.712
0.5465117   1626.05
0.5523256   1620.529
0.5581396   1629.394
0.5639535   1619.433
0.5697674   1624.434
0.5755814   1624.434
0.5813953   1620.184
0.5872093   1620.184
0.5930232   1623.824
0.5988372   1623.824
0.6046512   1620.066
0.6104651   1625.279
0.6162791   1625.279
0.622093   1623.601
0.627907   1623.211
0.6337209   1628.158
0.6395349   1621.654
0.6453488   1621.654
0.6511628   1623.066
0.6569768   1625.27
0.6627907   1625.27
0.6686047   1617.646
0.6744186   1623.446
0.6802326   1631.115
0.6860465   1631.115
0.6918604   1621.969
0.6976744   1621.969
0.7034883   1629.926
0.7093023   1623.733
0.7151163   1624.067
0.7209302   1629.005
0.7267442   1623.46
0.7325581   1623.46
0.7383721   1627.456
0.744186   1622.925
0.75   1626.315
0.755814   1625.982
0.7616279   1625.982
0.7674419   1624.786
0.7732558   1624.786
0.7790698   1624.881
0.7848837   1624.881
0.7906977   1626.733
0.7965117   1627.067
0.8023256   1627.067
0.8081396   1625.079
0.8139535   1625.079
0.8197674   1624.53
0.8255814   1625.08
0.8313953   1625.08
0.8372093   1624.626
0.8430232   1624.626
0.8488372   1627.112
0.8546512   1627.112
0.8604651   1623.723
0.8662791   1626.057
0.872093   1625.316
0.877907   1629.072
0.8837209   1629.072
0.8895349   1625.586
0.8953488   1626.721
0.9011628   1626.721
0.9069768   1624.772
0.9127907   1624.772
0.9186047   1626.87
0.9244186   1626.563
0.9302326   1626.563
0.9360465   1625.397
0.9418604   1625.397
0.9476744   1625.351
0.9534883   1626.269
0.9593023   1626.269
0.9651163   1625.965
0.9709302   1625.965
0.9767442   1626.583
0.9825581   1626.583
0.9883721   1627.107
0.994186   1626.404
1   1626.404
