0   189.1838
0.005814   170.1033
0.0116279   148.1305
0.0174419   125.7759
0.0232558   105.4841
0.0290698   88.44863
0.0348837   74.69797
0.0406977   63.71994
0.0465116   54.98542
0.0523256   47.95379
0.0581395   43.13603
0.0639535   38.32314
0.0697674   34.33279
0.0755814   31.02029
0.0813954   28.21439
0.0872093   25.81078
0.0930233   23.77721
0.0988372   22.45047
0.1046512   20.39363
0.1104651   19.27015
0.1162791   17.9915
0.122093   17.30855
0.127907   15.49425
0.1337209   15.37349
0.1395349   14.83909
0.1453488   13.21894
0.1511628   12.39189
0.1569767   12.64653
0.1627907   11.76077
0.1686047   11.29471
0.1744186   11.19652
0.1802326   10.55832
0.1860465   10.20192
0.1918605   10.00869
0.1976744   9.867988
0.2034884   9.191702
0.2093023   9.033018
0.2151163   8.96944
0.2209302   8.391077
0.2267442   7.964491
0.2325581   7.79618
0.2383721   7.44876
0.244186   7.551571
0.25   7.454002
0.255814   6.928775
0.2616279   7.069602
0.2674419   6.491933
0.2732558   6.757802
0.2790698   6.487894
0.2848837   6.342415
0.2906977   6.27514
0.2965116   6.047442
0.3023256   5.94148
0.3081395   5.687622
0.3139535   5.745798
0.3197674   5.60317
0.3255814   5.635963
0.3313954   5.522829
0.3372093   5.266852
0.3430233   5.222845
0.3488372   5.12839
0.3546512   5.022533
0.3604651   5.070343
0.3662791   4.809028
0.372093   4.808437
0.377907   4.710941
0.3837209   4.743073
0.3895349   4.582355
0.3953488   4.528401
0.4011628   4.576256
0.4069767   4.411407
0.4127907   4.29248
0.4186046   4.29248
0.4244186   4.294158
0.4302326   4.200733
0.4360465   4.073656
0.4418605   4.101007
0.4476744   4.091217
0.4534884   3.938357
0.4593023   4.006506
0.4651163   4.02216
0.4709302   3.830274
0.4767442   3.84743
0.4825581   3.81008
0.4883721   3.830119
0.494186   3.666437
0.5   3.59234
0.505814   3.872399
0.5116279   3.538347
0.5174419   3.538347
0.5232558   3.536803
0.5290698   3.536803
0.5348837   3.458463
0.5406977   3.449631
0.5465117   3.398559
0.5523256   3.464952
0.5581396   3.506408
0.5639535   3.365988
0.5697674   3.215233
0.5755814   3.215233
0.5813953   3.218242
0.5872093   3.218242
0.5930232   3.215189
0.5988372   3.215189
0.6046512   3.138136
0.6104651   3.151147
0.6162791   3.151147
0.622093   3.102612
0.627907   3.135965
0.6337209   3.176097
0.6395349   2.964149
0.6453488   2.964149
0.6511628   3.037417
0.6569768   2.943849
0.6627907   2.943849
0.6686047   2.878236
0.6744186   2.96362
0.6802326   2.908087
0.6860465   2.908087
0.6918604   2.831259
0.6976744   2.831259
0.7034883   2.985563
0.7093023   2.805437
0.7151163   2.839724
0.7209302   2.852328
0.7267442   2.72927
0.7325581   2.72927
0.7383721   2.791329
0.744186   2.767141
0.75   2.711194
0.755814   2.682456
0.7616279   2.682456
0.7674419   2.668488
0.7732558   2.668488
0.7790698   2.667602
0.7848837   2.667602
0.7906977   2.674857
0.7965117   2.548384
0.8023256   2.548384
0.8081396   2.64068
0.8139535   2.64068
0.8197674   2.574226
0.8255814   2.625652
0.8313953   2.625652
0.8372093   2.506324
0.8430232   2.506324
0.8488372   2.575867
0.8546512   2.575867
0.8604651   2.534333
0.8662791   2.527727
0.872093   2.481021
0.877907   2.560645
0.8837209   2.560645
0.8895349   2.454096
0.8953488   2.410627
0.9011628   2.410627
0.9069768   2.446134
0.9127907   2.446134
0.9186047   2.457252
0.9244186   2.410982
0.9302326   2.410982
0.9360465   2.392338
0.9418604   2.392338
0.9476744   2.417233
0.9534883   2.359143
0.9593023   2.359143
0.9651163   2.364937
0.9709302   2.364937
0.9767442   2.343296
0.9825581   2.343296
0.9883721   2.344517
0.994186   2.318874
1   2.318874
