0   187.0277
0.005814   167.9922
0.0116279   146.1248
0.0174419   124.0152
0.0232558   103.9954
0.0290698   87.20228
0.0348837   73.76398
0.0406977   63.08708
0.0465116   54.57296
0.0523256   47.76637
0.0581395   43.18195
0.0639535   38.5387
0.0697674   34.74075
0.0755814   31.60044
0.0813954   28.97461
0.0872093   26.75361
0.0930233   24.78866
0.0988372   24.00636
0.1046512   21.58899
0.1104651   21.06873
0.1162791   19.59716
0.122093   19.25
0.127907   16.73875
0.1337209   17.74996
0.1395349   17.26198
0.1453488   14.46569
0.1511628   13.60367
0.1569767   15.31605
0.1627907   13.94995
0.1686047   13.3529
0.1744186   13.71788
0.1802326   12.71258
0.1860465   12.46333
0.1918605   12.83514
0.1976744   12.88643
0.2034884   11.64864
0.2093023   11.81315
0.2151163   12.04701
0.2209302   10.97115
0.2267442   10.40182
0.2325581   10.22608
0.2383721   9.570573
0.244186   10.3048
0.25   10.38896
0.255814   9.27323
0.2616279   9.981176
0.2674419   8.657442
0.2732558   9.511814
0.2790698   9.130151
0.2848837   9.008408
0.2906977   8.980525
0.2965116   8.53506
0.3023256   8.491426
0.3081395   7.977944
0.3139535   8.503053
0.3197674   8.219405
0.3255814   8.442384
0.3313954   8.312269
0.3372093   7.824633
0.3430233   7.845986
0.3488372   7.792347
0.3546512   7.639293
0.3604651   7.8787
0.3662791   7.230453
0.372093   7.367508
0.377907   7.304281
0.3837209   7.466354
0.3895349   7.20415
0.3953488   7.12081
0.4011628   7.362138
0.4069767   7.028953
0.4127907   6.839256
0.4186046   6.839256
0.4244186   6.959453
0.4302326   6.77357
0.4360465   6.539762
0.4418605   6.764858
0.4476744   6.827168
0.4534884   6.459102
0.4593023   6.720885
0.4651163   6.816666
0.4709302   6.427504
0.4767442   6.575804
0.4825581   6.495671
0.4883721   6.62983
0.494186   6.225614
0.5   6.060285
0.505814   6.953162
0.5116279   6.096165
0.5174419   6.096165
0.5232558   6.239243
0.5290698   6.239243
0.5348837   6.130815
0.5406977   6.117133
0.5465117   6.024713
0.5523256   6.274645
0.5581396   6.426673
0.5639535   6.081269
0.5697674   5.766996
0.5755814   5.766996
0.5813953   5.864244
0.5872093   5.864244
0.5930232   5.934349
0.5988372   5.934349
0.6046512   5.784671
0.6104651   5.884161
0.6162791   5.884161
0.622093   5.814384
0.627907   5.900909
0.6337209   6.099308
0.6395349   5.534169
0.6453488   5.534169
0.6511628   5.802702
0.6569768   5.596806
0.6627907   5.596806
0.6686047   5.467054
0.6744186   5.743702
0.6802326   5.617385
0.6860465   5.617385
0.6918604   5.468717
0.6976744   5.468717
0.7034883   5.952691
0.7093023   5.503984
0.7151163   5.601893
0.7209302   5.675875
0.7267442   5.398564
0.7325581   5.398564
0.7383721   5.586232
0.744186   5.544587
0.75   5.418461
0.755814   5.387705
0.7616279   5.387705
0.7674419   5.393448
0.7732558   5.393448
0.7790698   5.456871
0.7848837   5.456871
0.7906977   5.492193
0.7965117   5.181613
0.8023256   5.181613
0.8081396   5.476127
0.8139535   5.476127
0.8197674   5.319193
0.8255814   5.512299
0.8313953   5.512299
0.8372093   5.202725
0.8430232   5.202725
0.8488372   5.438996
0.8546512   5.438996
0.8604651   5.358864
0.8662791   5.353987
0.872093   5.23847
0.877907   5.491485
0.8837209   5.491485
0.8895349   5.208377
0.8953488   5.107796
0.9011628   5.107796
0.9069768   5.252801
0.9127907   5.252801
0.9186047   5.313533
0.9244186   5.199717
0.9302326   5.199717
0.9360465   5.176556
0.9418604   5.176556
0.9476744   5.281175
0.9534883   5.131416
0.9593023   5.131416
0.9651163   5.1803
0.9709302   5.1803
0.9767442   5.13876
0.9825581   5.13876
0.9883721   5.167714
0.994186   5.118237
1   5.118237
