0   190.2857
0.005814   171.2552
0.0116279   149.3321
0.0174419   126.8775
0.0232558   106.4922
0.0290698   89.34833
0.0348837   75.4035
0.0406977   64.23457
0.0465116   55.33318
0.0523256   48.13568
0.0581395   43.19988
0.0639535   38.26053
0.0697674   34.15287
0.0755814   30.76088
0.0813954   27.83854
0.0872093   25.33725
0.0930233   23.25924
0.0988372   21.73476
0.1046512   19.80273
0.1104651   18.43005
0.1162791   17.19089
0.122093   16.38594
0.127907   14.81234
0.1337209   14.20789
0.1395349   13.72841
0.1453488   12.57509
0.1511628   11.75129
0.1569767   11.32511
0.1627907   10.63082
0.1686047   10.27379
0.1744186   9.989599
0.1802326   9.502694
0.1860465   9.093793
0.1918605   8.60793
0.1976744   8.459334
0.2034884   8.03968
0.2093023   7.648379
0.2151163   7.509941
0.2209302   7.110937
0.2267442   6.760195
0.2325581   6.588053
0.2383721   6.390677
0.244186   6.177245
0.25   6.003617
0.255814   5.741786
0.2616279   5.615049
0.2674419   5.403247
0.2732558   5.404002
0.2790698   5.203883
0.2848837   5.028131
0.2906977   4.94099
0.2965116   4.81107
0.3023256   4.671942
0.3081395   4.558156
0.3139535   4.371206
0.3197674   4.321028
0.3255814   4.264776
0.3313954   4.137861
0.3372093   3.999632
0.3430233   3.923693
0.3488372   3.799311
0.3546512   3.716199
0.3604651   3.685344
0.3662791   3.601154
0.372093   3.547541
0.377907   3.425189
0.3837209   3.405275
0.3895349   3.249162
0.3953488   3.236706
0.4011628   3.202494
0.4069767   3.108393
0.4127907   3.033914
0.4186046   3.033914
0.4244186   2.981879
0.4302326   2.943244
0.4360465   2.841826
0.4418605   2.782248
0.4476744   2.727151
0.4534884   2.672284
0.4593023   2.656097
0.4651163   2.634943
0.4709302   2.537721
0.4767442   2.48839
0.4825581   2.477582
0.4883721   2.439617
0.494186   2.384558
0.5   2.365777
0.505814   2.354998
0.5116279   2.26121
0.5174419   2.26121
0.5232558   2.189039
0.5290698   2.189039
0.5348837   2.117582
0.5406977   2.121841
0.5465117   2.082311
0.5523256   2.068076
0.5581396   2.047767
0.5639535   2.008987
0.5697674   1.93721
0.5755814   1.93721
0.5813953   1.896504
0.5872093   1.896504
0.5930232   1.859273
0.5988372   1.859273
0.6046512   1.820528
0.6104651   1.794433
0.6162791   1.794433
0.622093   1.755068
0.627907   1.763715
0.6337209   1.72223
0.6395349   1.686638
0.6453488   1.686638
0.6511628   1.656735
0.6569768   1.611156
0.6627907   1.611156
0.6686047   1.594365
0.6744186   1.580643
0.6802326   1.551633
0.6860465   1.551633
0.6918604   1.525211
0.6976744   1.525211
0.7034883   1.507737
0.7093023   1.451295
0.7151163   1.468469
0.7209302   1.453264
0.7267442   1.391506
0.7325581   1.391506
0.7383721   1.40399
0.744186   1.389319
0.75   1.365517
0.755814   1.322646
0.7616279   1.322646
0.7674419   1.312437
0.7732558   1.312437
0.7790698   1.267584
0.7848837   1.267584
0.7906977   1.27734
0.7965117   1.227136
0.8023256   1.227136
0.8081396   1.23483
0.8139535   1.23483
0.8197674   1.210879
0.8255814   1.189632
0.8313953   1.189632
0.8372093   1.16594
0.8430232   1.16594
0.8488372   1.152036
0.8546512   1.152036
0.8604651   1.130743
0.8662791   1.12166
0.872093   1.109958
0.877907   1.103184
0.8837209   1.103184
0.8895349   1.084344
0.8953488   1.068372
0.9011628   1.068372
0.9069768   1.048777
0.9127907   1.048777
0.9186047   1.033481
0.9244186   1.021439
0.9302326   1.021439
0.9360465   1.006345
0.9418604   1.006345
0.9476744   0.9897293
0.9534883   0.9774144
0.9593023   0.9774144
0.9651163   0.9607261
0.9709302   0.9607261
0.9767442   0.9497206
0.9825581   0.9497206
0.9883721   0.9360534
0.994186   0.9216725
1   0.9216725
