0   190.2381
0.005814   171.0625
0.0116279   148.9346
0.0174419   126.4349
0.0232558   105.9647
0.0290698   88.79527
0.0348837   74.92641
0.0406977   63.83813
0.0465116   55.05007
0.0523256   47.95927
0.0581395   43.02624
0.0639535   38.17024
0.0697674   34.10471
0.0755814   30.69959
0.0813954   27.83006
0.0872093   25.34147
0.0930233   23.28368
0.0988372   21.61033
0.1046512   19.78908
0.1104651   18.31166
0.1162791   17.1865
0.122093   16.28971
0.127907   14.93161
0.1337209   14.16264
0.1395349   13.52682
0.1453488   12.61604
0.1511628   11.82067
0.1569767   11.2984
0.1627907   10.70151
0.1686047   10.2574
0.1744186   9.882083
0.1802326   9.459654
0.1860465   9.048651
0.1918605   8.583055
0.1976744   8.25822
0.2034884   7.886793
0.2093023   7.637508
0.2151163   7.351323
0.2209302   7.09117
0.2267442   6.73146
0.2325581   6.574405
0.2383721   6.385048
0.244186   6.172645
0.25   5.969426
0.255814   5.771259
0.2616279   5.612564
0.2674419   5.415047
0.2732558   5.357614
0.2790698   5.12968
0.2848837   4.990696
0.2906977   4.903851
0.2965116   4.796195
0.3023256   4.661112
0.3081395   4.526731
0.3139535   4.363082
0.3197674   4.269027
0.3255814   4.200703
0.3313954   4.118304
0.3372093   3.9763
0.3430233   3.898815
0.3488372   3.793474
0.3546512   3.71208
0.3604651   3.646936
0.3662791   3.595485
0.372093   3.51031
0.377907   3.403366
0.3837209   3.357615
0.3895349   3.293739
0.3953488   3.227725
0.4011628   3.164139
0.4069767   3.096916
0.4127907   3.004265
0.4186046   3.004265
0.4244186   2.941164
0.4302326   2.885354
0.4360465   2.839394
0.4418605   2.755964
0.4476744   2.719279
0.4534884   2.68364
0.4593023   2.642524
0.4651163   2.614864
0.4709302   2.525603
0.4767442   2.478137
0.4825581   2.457031
0.4883721   2.420953
0.494186   2.389138
0.5   2.350994
0.505814   2.309037
0.5116279   2.25766
0.5174419   2.25766
0.5232558   2.182114
0.5290698   2.182114
0.5348837   2.12702
0.5406977   2.109935
0.5465117   2.088672
0.5523256   2.052155
0.5581396   2.044755
0.5639535   2.007673
0.5697674   1.941519
0.5755814   1.941519
0.5813953   1.893964
0.5872093   1.893964
0.5930232   1.851962
0.5988372   1.851962
0.6046512   1.809229
0.6104651   1.774881
0.6162791   1.774881
0.622093   1.738377
0.627907   1.743254
0.6337209   1.706749
0.6395349   1.671591
0.6453488   1.671591
0.6511628   1.652766
0.6569768   1.623636
0.6627907   1.623636
0.6686047   1.573333
0.6744186   1.566518
0.6802326   1.555212
0.6860465   1.555212
0.6918604   1.499877
0.6976744   1.499877
0.7034883   1.496261
0.7093023   1.46099
0.7151163   1.448802
0.7209302   1.427822
0.7267442   1.397786
0.7325581   1.397786
0.7383721   1.38378
0.744186   1.367507
0.75   1.349565
0.755814   1.337
0.7616279   1.337
0.7674419   1.299629
0.7732558   1.299629
0.7790698   1.278311
0.7848837   1.278311
0.7906977   1.255043
0.7965117   1.236368
0.8023256   1.236368
0.8081396   1.211108
0.8139535   1.211108
0.8197674   1.192665
0.8255814   1.174979
0.8313953   1.174979
0.8372093   1.150276
0.8430232   1.150276
0.8488372   1.136561
0.8546512   1.136561
0.8604651   1.113371
0.8662791   1.107482
0.872093   1.094687
0.877907   1.087272
0.8837209   1.087272
0.8895349   1.069619
0.8953488   1.055702
0.9011628   1.055702
0.9069768   1.036798
0.9127907   1.036798
0.9186047   1.024792
0.9244186   1.011764
0.9302326   1.011764
0.9360465   0.9940969
0.9418604   0.9940969
0.9476744   0.9808415
0.9534883   0.9686428
0.9593023   0.9686428
0.9651163   0.9538013
0.9709302   0.9538013
0.9767442   0.9413822
0.9825581   0.9413822
0.9883721   0.9298027
0.994186   0.9167384
1   0.9167384
