0   1.055315
0.005814   1.26551
0.0116279   1.521341
0.0174419   1.812583
0.0232558   2.12448
0.0290698   2.444188
0.0348837   2.761665
0.0406977   3.071794
0.0465116   3.374404
0.0523256   3.666263
0.0581395   3.902293
0.0639535   4.177039
0.0697674   4.444821
0.0755814   4.703792
0.0813954   4.94934
0.0872093   5.190138
0.0930233   5.422368
0.0988372   5.635246
0.1046512   5.872379
0.1104651   6.065957
0.1162791   6.31989
0.122093   6.423072
0.127907   6.624604
0.1337209   6.821651
0.1395349   6.981235
0.1453488   7.295537
0.1511628   7.31105
0.1569767   7.585639
0.1627907   7.833565
0.1686047   7.838469
0.1744186   8.010144
0.1802326   7.932379
0.1860465   8.350752
0.1918605   8.384204
0.1976744   8.592216
0.2034884   8.578458
0.2093023   8.842231
0.2151163   8.897753
0.2209302   8.982579
0.2267442   9.292432
0.2325581   9.196033
0.2383721   9.400041
0.244186   9.560772
0.25   9.732195
0.255814   9.848889
0.2616279   9.982125
0.2674419   10.05677
0.2732558   10.1416
0.2790698   10.08043
0.2848837   10.68257
0.2906977   10.44239
0.2965116   10.58916
0.3023256   10.62434
0.3081395   10.74781
0.3139535   10.82106
0.3197674   10.92832
0.3255814   11.27211
0.3313954   11.01332
0.3372093   11.10104
0.3430233   11.28917
0.3488372   11.28917
0.3546512   11.40019
0.3604651   11.3917
0.3662791   11.517
0.372093   11.61189
0.377907   11.65905
0.3837209   11.73591
0.3895349   11.87451
0.3953488   11.92379
0.4011628   11.75842
0.4069767   12.06381
0.4127907   12.17075
0.4186046   12.24586
0.4244186   12.16655
0.4302326   12.17939
0.4360465   12.43131
0.4418605   12.4225
0.4476744   12.43242
0.4534884   12.56822
0.4593023   12.53582
0.4651163   12.9077
0.4709302   12.28668
0.4767442   12.28668
0.4825581   12.93002
0.4883721   12.93002
0.494186   12.83186
0.5   12.93738
0.505814   13.11194
0.5116279   13.11194
0.5174419   13.03974
0.5232558   13.24303
0.5290698   12.91686
0.5348837   13.55319
0.5406977   13.28724
0.5465117   13.39092
0.5523256   13.28607
0.5581396   13.32674
0.5639535   13.58651
0.5697674   13.56668
0.5755814   13.56668
0.5813953   13.43356
0.5872093   13.53493
0.5930232   13.53493
0.5988372   13.67844
0.6046512   13.67844
0.6104651   13.79305
0.6162791   13.79305
0.622093   13.90757
0.627907   13.76252
0.6337209   13.98895
0.6395349   13.98895
0.6453488   13.97257
0.6511628   13.97257
0.6569768   14.51394
0.6627907   14.51394
0.6686047   14.13353
0.6744186   14.13353
0.6802326   14.12895
0.6860465   14.12895
0.6918604   14.28973
0.6976744   14.42599
0.7034883   14.42599
0.7093023   14.42599
0.7151163   14.57404
0.7209302   14.57404
0.7267442   14.36535
0.7325581   14.36535
0.7383721   14.4937
0.744186   14.4937
0.75   14.58434
0.755814   14.58434
0.7616279   14.4494
0.7674419   14.4494
0.7732558   14.4494
0.7790698   14.80285
0.7848837   14.80285
0.7906977   14.75908
0.7965117   14.75908
0.8023256   14.75908
0.8081396   15.02824
0.8139535   15.02824
0.8197674   15.02824
0.8255814   14.8787
0.8313953   14.8787
0.8372093   15.15566
0.8430232   15.15566
0.8488372   15.15566
0.8546512   15.15566
0.8604651   15.10557
0.8662791   15.10557
0.872093   15.10557
0.877907   15.10557
0.8837209   15.24447
0.8895349   15.24447
0.8953488   15.0699
0.9011628   15.0699
0.9069768   15.0699
0.9127907   15.51947
0.9186047   15.51947
0.9244186   15.51947
0.9302326   15.39805
0.9360465   15.39805
0.9418604   15.39805
0.9476744   15.39805
0.9534883   15.47403
0.9593023   15.47403
0.9651163   15.47403
0.9709302   15.47403
0.9767442   15.45051
0.9825581   15.45051
0.9883721   15.45051
0.994186   15.45051
1   15.45051
