0   6.480412e-10
0.005814   7.929130e-10
0.0116279   1.024117e-9
0.0174419   1.378339e-9
0.0232558   1.885937e-9
0.0290698   2.580017e-9
0.0348837   3.482583e-9
0.0406977   4.611860e-9
0.0465116   5.992988e-9
0.0523256   7.629105e-9
0.0581395   9.216762e-9
0.0639535   1.139586e-8
0.0697674   1.386162e-8
0.0755814   1.661222e-8
0.0813954   1.964873e-8
0.0872093   2.303567e-8
0.0930233   2.668448e-8
0.0988372   3.304090e-8
0.1046512   3.491794e-8
0.1104651   4.095077e-8
0.1162791   4.432615e-8
0.122093   5.293137e-8
0.127907   5.986893e-8
0.1337209   6.083773e-8
0.1395349   7.504389e-8
0.1453488   7.936928e-8
0.1511628   8.868648e-8
0.1569767   8.249896e-8
0.1627907   9.347433e-8
0.1686047   8.986040e-8
0.1744186   9.973996e-8
0.1802326   1.184022e-7
0.1860465   1.386213e-7
0.1918605   1.513989e-7
0.1976744   1.597727e-7
0.2034884   1.729686e-7
0.2093023   1.716981e-7
0.2151163   1.823865e-7
0.2209302   1.610143e-7
0.2267442   1.974211e-7
0.2325581   1.946878e-7
0.2383721   2.041230e-7
0.244186   2.072764e-7
0.25   2.492513e-7
0.255814   2.370277e-7
0.2616279   2.538432e-7
0.2674419   2.910371e-7
0.2732558   2.963122e-7
0.2790698   3.142167e-7
0.2848837   3.683485e-7
0.2906977   3.211220e-7
0.2965116   3.719684e-7
0.3023256   3.031882e-7
0.3081395   4.131506e-7
0.3139535   3.849244e-7
0.3197674   4.099538e-7
0.3255814   4.349832e-7
0.3313954   4.391752e-7
0.3372093   5.363244e-7
0.3430233   5.730935e-7
0.3488372   5.730935e-7
0.3546512   5.698694e-7
0.3604651   5.157265e-7
0.3662791   5.248461e-7
0.372093   5.687735e-7
0.377907   6.294748e-7
0.3837209   7.089662e-7
0.3895349   6.762069e-7
0.3953488   8.711340e-7
0.4011628   7.145034e-7
0.4069767   7.217039e-7
0.4127907   8.535836e-7
0.4186046   7.391031e-7
0.4244186   8.610929e-7
0.4302326   8.597401e-7
0.4360465   6.916450e-7
0.4418605   1.039439e-6
0.4476744   9.413101e-7
0.4534884   1.123329e-6
0.4593023   1.139382e-6
0.4651163   8.448799e-7
0.4709302   1.025535e-6
0.4767442   1.025535e-6
0.4825581   1.089492e-6
0.4883721   1.089492e-6
0.494186   9.470825e-7
0.5   1.510664e-6
0.505814   1.254748e-6
0.5116279   1.254748e-6
0.5174419   1.442371e-6
0.5232558   1.396076e-6
0.5290698   1.341447e-6
0.5348837   1.478287e-6
0.5406977   1.705826e-6
0.5465117   1.619195e-6
0.5523256   1.513301e-6
0.5581396   1.747120e-6
0.5639535   1.673410e-6
0.5697674   1.308244e-6
0.5755814   1.308244e-6
0.5813953   1.588465e-6
0.5872093   1.701190e-6
0.5930232   1.701190e-6
0.5988372   1.801882e-6
0.6046512   1.801882e-6
0.6104651   1.855702e-6
0.6162791   1.855702e-6
0.622093   2.086123e-6
0.627907   2.191412e-6
0.6337209   1.878337e-6
0.6395349   1.878337e-6
0.6453488   2.181459e-6
0.6511628   2.181459e-6
0.6569768   2.265459e-6
0.6627907   2.265459e-6
0.6686047   2.473640e-6
0.6744186   2.473640e-6
0.6802326   2.524967e-6
0.6860465   2.524967e-6
0.6918604   2.545497e-6
0.6976744   2.505247e-6
0.7034883   2.505247e-6
0.7093023   2.505247e-6
0.7151163   2.603591e-6
0.7209302   2.603591e-6
0.7267442   2.937551e-6
0.7325581   2.937551e-6
0.7383721   2.921359e-6
0.744186   2.921359e-6
0.75   3.000015e-6
0.755814   3.000015e-6
0.7616279   2.962421e-6
0.7674419   2.962421e-6
0.7732558   2.962421e-6
0.7790698   3.402383e-6
0.7848837   3.402383e-6
0.7906977   3.223853e-6
0.7965117   3.223853e-6
0.8023256   3.223853e-6
0.8081396   3.807447e-6
0.8139535   3.807447e-6
0.8197674   3.807447e-6
0.8255814   3.301716e-6
0.8313953   3.301716e-6
0.8372093   3.395065e-6
0.8430232   3.395065e-6
0.8488372   3.395065e-6
0.8546512   3.395065e-6
0.8604651   3.202950e-6
0.8662791   3.202950e-6
0.872093   3.202950e-6
0.877907   3.202950e-6
0.8837209   4.889044e-6
0.8895349   4.889044e-6
0.8953488   4.678324e-6
0.9011628   4.678324e-6
0.9069768   4.678324e-6
0.9127907   4.925521e-6
0.9186047   4.925521e-6
0.9244186   4.925521e-6
0.9302326   3.912603e-6
0.9360465   3.912603e-6
0.9418604   3.912603e-6
0.9476744   3.912603e-6
0.9534883   7.340457e-6
0.9593023   7.340457e-6
0.9651163   7.340457e-6
0.9709302   7.340457e-6
0.9767442   3.704916e-6
0.9825581   3.704916e-6
0.9883721   3.704916e-6
0.994186   3.704916e-6
1   3.704916e-6
