0   5.842801e-7
0.005814   6.758617e-7
0.0116279   8.119480e-7
0.0174419   1.003901e-6
0.0232558   1.255265e-6
0.0290698   1.569963e-6
0.0348837   1.946378e-6
0.0406977   2.381435e-6
0.0465116   2.876875e-6
0.0523256   3.425025e-6
0.0581395   3.930856e-6
0.0639535   4.587945e-6
0.0697674   5.290268e-6
0.0755814   6.032493e-6
0.0813954   6.821033e-6
0.0872093   7.664938e-6
0.0930233   8.533382e-6
0.0988372   0.0000102
0.1046512   0.0000104
0.1104651   0.0000119
0.1162791   0.0000123
0.122093   0.0000145
0.127907   0.000016
0.1337209   0.0000158
0.1395349   0.0000191
0.1453488   0.0000193
0.1511628   0.0000215
0.1569767   0.0000193
0.1627907   0.0000213
0.1686047   0.0000204
0.1744186   0.0000222
0.1802326   0.0000267
0.1860465   0.0000295
0.1918605   0.0000322
0.1976744   0.000033
0.2034884   0.0000361
0.2093023   0.0000348
0.2151163   0.0000365
0.2209302   0.0000321
0.2267442   0.000038
0.2325581   0.000038
0.2383721   0.0000388
0.244186   0.000039
0.25   0.0000458
0.255814   0.0000431
0.2616279   0.0000457
0.2674419   0.0000519
0.2732558   0.0000526
0.2790698   0.0000561
0.2848837   0.0000622
0.2906977   0.0000552
0.2965116   0.000063
0.3023256   0.0000514
0.3081395   0.0000691
0.3139535   0.000064
0.3197674   0.0000519
0.3255814   0.0000694
0.3313954   0.000072
0.3372093   0.0000871
0.3430233   0.0000916
0.3488372   0.0000916
0.3546512   0.00009
0.3604651   0.0000816
0.3662791   0.0000822
0.372093   0.0000883
0.377907   0.0000972
0.3837209   0.000109
0.3895349   0.0001025
0.3953488   0.0001318
0.4011628   0.0001094
0.4069767   0.0001079
0.4127907   0.0001264
0.4186046   0.0001089
0.4244186   0.0001277
0.4302326   0.0001272
0.4360465   0.0001004
0.4418605   0.000151
0.4476744   0.0001368
0.4534884   0.0001611
0.4593023   0.0001639
0.4651163   0.000118
0.4709302   0.000151
0.4767442   0.000151
0.4825581   0.0001521
0.4883721   0.0001521
0.494186   0.0001335
0.5   0.0002106
0.505814   0.0001733
0.5116279   0.0001733
0.5174419   0.0002002
0.5232558   0.00019
0.5290698   0.0001884
0.5348837   0.0001972
0.5406977   0.0002312
0.5465117   0.0002191
0.5523256   0.0002053
0.5581396   0.0002373
0.5639535   0.0002228
0.5697674   0.0001741
0.5755814   0.0001741
0.5813953   0.0002135
0.5872093   0.000228
0.5930232   0.000228
0.5988372   0.0002385
0.6046512   0.0002385
0.6104651   0.0002431
0.6162791   0.0002431
0.622093   0.0002707
0.627907   0.0002884
0.6337209   0.0002434
0.6395349   0.0002434
0.6453488   0.0002829
0.6511628   0.0002829
0.6569768   0.0002816
0.6627907   0.0002816
0.6686047   0.0003165
0.6744186   0.0003165
0.6802326   0.0003234
0.6860465   0.0003234
0.6918604   0.000322
0.6976744   0.0003148
0.7034883   0.0003148
0.7093023   0.0003148
0.7151163   0.0003237
0.7209302   0.0003237
0.7267442   0.0003684
0.7325581   0.0003684
0.7383721   0.0003653
0.744186   0.0003653
0.75   0.000372
0.755814   0.000372
0.7616279   0.0003708
0.7674419   0.0003708
0.7732558   0.0003708
0.7790698   0.0004161
0.7848837   0.0004161
0.7906977   0.000395
0.7965117   0.000395
0.8023256   0.000395
0.8081396   0.0004594
0.8139535   0.0004594
0.8197674   0.0004594
0.8255814   0.0004014
0.8313953   0.0004014
0.8372093   0.0004063
0.8430232   0.0004063
0.8488372   0.0004063
0.8546512   0.0004063
0.8604651   0.0003835
0.8662791   0.0003835
0.872093   0.0003835
0.877907   0.0003835
0.8837209   0.0005812
0.8895349   0.0005812
0.8953488   0.000563
0.9011628   0.000563
0.9069768   0.000563
0.9127907   0.0005759
0.9186047   0.0005759
0.9244186   0.0005759
0.9302326   0.0004602
0.9360465   0.0004602
0.9418604   0.0004602
0.9476744   0.0004602
0.9534883   0.0008577
0.9593023   0.0008577
0.9651163   0.0008577
0.9709302   0.0008577
0.9767442   0.0004341
0.9825581   0.0004341
0.9883721   0.0004341
0.994186   0.0004341
1   0.0004341
