0   1151.862
0.005814   978.0869
0.0116279   795.2556
0.0174419   625.256
0.0232558   485.0699
0.0290698   375.938
0.0348837   294.6561
0.0406977   234.4806
0.0465116   189.3916
0.0523256   155.2624
0.0581395   132.8377
0.0639535   111.6429
0.0697674   94.854
0.0755814   81.42224
0.0813954   70.63231
0.0872093   61.92309
0.0930233   54.57302
0.0988372   107.5606
0.1046512   43.299
0.1104651   75.7724
0.1162791   35.37311
0.122093   145.9486
0.127907   129.3307
0.1337209   52.73984
0.1395349   84.76044
0.1453488   50.64425
0.1511628   147.2656
0.1569767   38.88936
0.1627907   105.7158
0.1686047   66.74974
0.1744186   31.5972
0.1802326   78.77942
0.1860465   96.33255
0.1918605   120.5252
0.1976744   93.92497
0.2034884   98.42302
0.2093023   99.17805
0.2151163   81.08441
0.2209302   128.7763
0.2267442   59.00085
0.2325581   163.6955
0.2383721   62.4674
0.244186   130.5116
0.25   100.1686
0.255814   50.86288
0.2616279   87.5491
0.2674419   113.0858
0.2732558   81.22518
0.2790698   55.88157
0.2848837   86.39092
0.2906977   107.3924
0.2965116   69.08002
0.3023256   66.08472
0.3081395   113.0591
0.3139535   108.2246
0.3197674   58.23291
0.3255814   111.4343
0.3313954   86.57534
0.3372093   129.4875
0.3430233   126.9499
0.3488372   126.9499
0.3546512   108.8194
0.3604651   61.37046
0.3662791   81.31062
0.372093   77.46065
0.377907   96.09978
0.3837209   110.1599
0.3895349   104.0834
0.3953488   135.9302
0.4011628   89.22443
0.4069767   122.078
0.4127907   85.82877
0.4186046   76.66717
0.4244186   70.44386
0.4302326   93.27085
0.4360465   88.48644
0.4418605   120.2914
0.4476744   213.3961
0.4534884   148.2629
0.4593023   88.59026
0.4651163   75.39779
0.4709302   66.68767
0.4767442   66.68767
0.4825581   127.1267
0.4883721   127.1267
0.494186   89.79959
0.5   117.9086
0.505814   62.9818
0.5116279   62.9818
0.5174419   111.5811
0.5232558   121.731
0.5290698   64.36168
0.5348837   104.7371
0.5406977   77.24212
0.5465117   93.39571
0.5523256   83.17571
0.5581396   110.2473
0.5639535   164.242
0.5697674   63.36659
0.5755814   63.36659
0.5813953   92.52672
0.5872093   61.60937
0.5930232   61.60937
0.5988372   151.4623
0.6046512   151.4623
0.6104651   155.0528
0.6162791   155.0528
0.622093   119.7403
0.627907   61.44595
0.6337209   127.6884
0.6395349   127.6884
0.6453488   167.0053
0.6511628   167.0053
0.6569768   114.7088
0.6627907   114.7088
0.6686047   125.6579
0.6744186   125.6579
0.6802326   113.0337
0.6860465   113.0337
0.6918604   119.6513
0.6976744   151.5821
0.7034883   151.5821
0.7093023   151.5821
0.7151163   135.7408
0.7209302   135.7408
0.7267442   98.71684
0.7325581   98.71684
0.7383721   102.5995
0.744186   102.5995
0.75   114.0192
0.755814   114.0192
0.7616279   112.2414
0.7674419   112.2414
0.7732558   112.2414
0.7790698   103.5786
0.7848837   103.5786
0.7906977   116.5514
0.7965117   116.5514
0.8023256   116.5514
0.8081396   104.1599
0.8139535   104.1599
0.8197674   104.1599
0.8255814   114.5252
0.8313953   114.5252
0.8372093   111.1139
0.8430232   111.1139
0.8488372   111.1139
0.8546512   111.1139
0.8604651   132.7618
0.8662791   132.7618
0.872093   132.7618
0.877907   132.7618
0.8837209   117.5777
0.8895349   117.5777
0.8953488   71.36792
0.9011628   71.36792
0.9069768   71.36792
0.9127907   129.1779
0.9186047   129.1779
0.9244186   129.1779
0.9302326   103.7459
0.9360465   103.7459
0.9418604   103.7459
0.9476744   103.7459
0.9534883   110.0763
0.9593023   110.0763
0.9651163   110.0763
0.9709302   110.0763
0.9767442   99.06379
0.9825581   99.06379
0.9883721   99.06379
0.994186   99.06379
1   99.06379
