0   5.822734e+24
0.005814   4.943790e+24
0.0116279   4.018274e+24
0.0174419   3.158909e+24
0.0232558   2.449720e+24
0.0290698   1.898608e+24
0.0348837   1.488249e+24
0.0406977   1.184369e+24
0.0465116   9.567243e+23
0.0523256   7.842936e+23
0.0581395   6.712550e+23
0.0639535   5.641218e+23
0.0697674   4.793990e+23
0.0755814   4.113896e+23
0.0813954   3.571011e+23
0.0872093   3.135401e+23
0.0930233   2.768844e+23
0.0988372   2.428989e+23
0.1046512   2.190647e+23
0.1104651   1.916142e+23
0.1162791   1.789573e+23
0.122093   1.635680e+23
0.127907   1.461470e+23
0.1337209   1.333821e+23
0.1395349   1.219508e+23
0.1453488   1.188149e+23
0.1511628   1.051720e+23
0.1569767   9.818805e+22
0.1627907   1.012638e+23
0.1686047   8.474501e+22
0.1744186   7.961362e+22
0.1802326   7.140974e+22
0.1860465   6.946603e+22
0.1918605   6.383796e+22
0.1976744   5.683761e+22
0.2034884   5.614071e+22
0.2093023   5.450427e+22
0.2151163   4.966734e+22
0.2209302   4.643921e+22
0.2267442   4.660365e+22
0.2325581   4.281402e+22
0.2383721   3.893095e+22
0.244186   4.514947e+22
0.25   3.867989e+22
0.255814   3.630941e+22
0.2616279   3.512808e+22
0.2674419   3.322423e+22
0.2732558   3.264110e+22
0.2790698   2.911720e+22
0.2848837   3.146740e+22
0.2906977   2.832393e+22
0.2965116   2.717849e+22
0.3023256   2.689023e+22
0.3081395   2.503355e+22
0.3139535   2.427483e+22
0.3197674   2.718039e+22
0.3255814   2.313327e+22
0.3313954   2.186863e+22
0.3372093   2.083205e+22
0.3430233   1.943557e+22
0.3488372   1.943557e+22
0.3546512   1.983119e+22
0.3604651   1.750719e+22
0.3662791   1.823631e+22
0.372093   1.718095e+22
0.377907   1.665511e+22
0.3837209   1.610048e+22
0.3895349   1.544335e+22
0.3953488   1.526175e+22
0.4011628   1.327177e+22
0.4069767   1.414716e+22
0.4127907   1.345936e+22
0.4186046   1.370973e+22
0.4244186   1.351084e+22
0.4302326   1.245996e+22
0.4360465   1.266347e+22
0.4418605   1.224346e+22
0.4476744   1.152672e+22
0.4534884   1.162220e+22
0.4593023   1.020423e+22
0.4651163   1.141178e+22
0.4709302   9.409272e+21
0.4767442   9.409272e+21
0.4825581   1.017572e+22
0.4883721   1.017572e+22
0.494186   9.401557e+21
0.5   9.313900e+21
0.505814   8.566487e+21
0.5116279   8.566487e+21
0.5174419   8.638602e+21
0.5232558   8.627562e+21
0.5290698   8.024788e+21
0.5348837   8.404667e+21
0.5406977   7.869884e+21
0.5465117   7.710030e+21
0.5523256   7.480461e+21
0.5581396   7.521660e+21
0.5639535   7.309860e+21
0.5697674   6.853438e+21
0.5755814   6.853438e+21
0.5813953   6.870415e+21
0.5872093   6.118871e+21
0.5930232   6.118871e+21
0.5988372   6.377890e+21
0.6046512   6.377890e+21
0.6104651   5.923916e+21
0.6162791   5.923916e+21
0.622093   5.892062e+21
0.627907   5.578380e+21
0.6337209   5.704939e+21
0.6395349   5.704939e+21
0.6453488   5.283443e+21
0.6511628   5.283443e+21
0.6569768   5.506877e+21
0.6627907   5.506877e+21
0.6686047   4.939063e+21
0.6744186   4.939063e+21
0.6802326   4.840659e+21
0.6860465   4.840659e+21
0.6918604   4.864489e+21
0.6976744   4.443548e+21
0.7034883   4.443548e+21
0.7093023   4.443548e+21
0.7151163   4.621604e+21
0.7209302   4.621604e+21
0.7267442   3.978356e+21
0.7325581   3.978356e+21
0.7383721   4.066743e+21
0.744186   4.066743e+21
0.75   3.942928e+21
0.755814   3.942928e+21
0.7616279   3.626032e+21
0.7674419   3.626032e+21
0.7732558   3.626032e+21
0.7790698   3.551522e+21
0.7848837   3.551522e+21
0.7906977   3.469381e+21
0.7965117   3.469381e+21
0.8023256   3.469381e+21
0.8081396   3.585533e+21
0.8139535   3.585533e+21
0.8197674   3.585533e+21
0.8255814   3.286594e+21
0.8313953   3.286594e+21
0.8372093   3.087916e+21
0.8430232   3.087916e+21
0.8488372   3.087916e+21
0.8546512   3.087916e+21
0.8604651   2.711343e+21
0.8662791   2.711343e+21
0.872093   2.711343e+21
0.877907   2.711343e+21
0.8837209   3.022109e+21
0.8895349   3.022109e+21
0.8953488   2.616329e+21
0.9011628   2.616329e+21
0.9069768   2.616329e+21
0.9127907   2.689472e+21
0.9186047   2.689472e+21
0.9244186   2.689472e+21
0.9302326   2.436891e+21
0.9360465   2.436891e+21
0.9418604   2.436891e+21
0.9476744   2.436891e+21
0.9534883   2.345763e+21
0.9593023   2.345763e+21
0.9651163   2.345763e+21
0.9709302   2.345763e+21
0.9767442   1.967733e+21
0.9825581   1.967733e+21
0.9883721   1.967733e+21
0.994186   1.967733e+21
1   1.967733e+21
