0   769.7571
0.005814   872.6719
0.0116279   975.7941
0.0174419   1068.036
0.0232558   1143.969
0.0290698   1203.247
0.0348837   1248.676
0.0406977   1283.24
0.0465116   1310.473
0.0523256   1331.579
0.0581395   1346.424
0.0639535   1360.483
0.0697674   1372.37
0.0755814   1381.881
0.0813954   1390.005
0.0872093   1397.14
0.0930233   1402.829
0.0988372   1408.032
0.1046512   1412.73
0.1104651   1421.971
0.1162791   1413.521
0.122093   1425.471
0.127907   1428.575
0.1337209   1431.014
0.1395349   1435.453
0.1453488   1435.929
0.1511628   1436.904
0.1569767   1436.196
0.1627907   1444.624
0.1686047   1441.895
0.1744186   1441.057
0.1802326   1447.324
0.1860465   1440.085
0.1918605   1444.078
0.1976744   1436.972
0.2034884   1447.866
0.2093023   1451.12
0.2151163   1440.808
0.2209302   1448.135
0.2267442   1448.381
0.2325581   1451.14
0.2383721   1446.144
0.244186   1454.557
0.25   1447.755
0.255814   1449.048
0.2616279   1453.708
0.2674419   1450.757
0.2732558   1455.309
0.2790698   1456.059
0.2848837   1460.047
0.2906977   1452.856
0.2965116   1450.839
0.3023256   1455.746
0.3081395   1453.509
0.3139535   1454.826
0.3197674   1457.674
0.3255814   1454.078
0.3313954   1460.132
0.3372093   1457.865
0.3430233   1459.613
0.3488372   1459.613
0.3546512   1456.527
0.3604651   1457.707
0.3662791   1459.116
0.372093   1459.062
0.377907   1455.98
0.3837209   1459.242
0.3895349   1456.719
0.3953488   1459.724
0.4011628   1457.128
0.4069767   1458.624
0.4127907   1457.891
0.4186046   1459.18
0.4244186   1460.189
0.4302326   1457.438
0.4360465   1459.533
0.4418605   1459.895
0.4476744   1461.393
0.4534884   1457.992
0.4593023   1459.003
0.4651163   1458.818
0.4709302   1463.277
0.4767442   1463.277
0.4825581   1460.496
0.4883721   1460.496
0.494186   1462.778
0.5   1458.983
0.505814   1464.981
0.5116279   1464.981
0.5174419   1463.952
0.5232558   1458.384
0.5290698   1467.576
0.5348837   1462.648
0.5406977   1456.998
0.5465117   1465.619
0.5523256   1458.412
0.5581396   1464.381
0.5639535   1463.208
0.5697674   1460.364
0.5755814   1460.364
0.5813953   1460.652
0.5872093   1467.862
0.5930232   1467.862
0.5988372   1464.645
0.6046512   1464.645
0.6104651   1461.974
0.6162791   1461.974
0.622093   1460.091
0.627907   1465.332
0.6337209   1466.718
0.6395349   1466.718
0.6453488   1465.685
0.6511628   1465.685
0.6569768   1459.605
0.6627907   1459.605
0.6686047   1463.082
0.6744186   1463.082
0.6802326   1464.041
0.6860465   1464.041
0.6918604   1462.313
0.6976744   1466.456
0.7034883   1466.456
0.7093023   1466.456
0.7151163   1465.952
0.7209302   1465.952
0.7267442   1457.664
0.7325581   1457.664
0.7383721   1466.121
0.744186   1466.121
0.75   1463.111
0.755814   1463.111
0.7616279   1463.303
0.7674419   1463.303
0.7732558   1463.303
0.7790698   1464.607
0.7848837   1464.607
0.7906977   1462.975
0.7965117   1462.975
0.8023256   1462.975
0.8081396   1467.052
0.8139535   1467.052
0.8197674   1467.052
0.8255814   1463.267
0.8313953   1463.267
0.8372093   1467.276
0.8430232   1467.276
0.8488372   1467.276
0.8546512   1467.276
0.8604651   1463.323
0.8662791   1463.323
0.872093   1463.323
0.877907   1463.323
0.8837209   1466.124
0.8895349   1466.124
0.8953488   1467.2
0.9011628   1467.2
0.9069768   1467.2
0.9127907   1467.872
0.9186047   1467.872
0.9244186   1467.872
0.9302326   1465.368
0.9360465   1465.368
0.9418604   1465.368
0.9476744   1465.368
0.9534883   1462.775
0.9593023   1462.775
0.9651163   1462.775
0.9709302   1462.775
0.9767442   1464.593
0.9825581   1464.593
0.9883721   1464.593
0.994186   1464.593
1   1464.593
