0   153.7618
0.005814   137.4283
0.0116279   118.8963
0.0174419   100.3417
0.0232558   83.79694
0.0290698   70.03982
0.0348837   59.08304
0.0406977   50.43556
0.0465116   43.58799
0.0523256   38.12342
0.0581395   34.4056
0.0639535   30.65872
0.0697674   27.55108
0.0755814   24.94308
0.0813954   22.79517
0.0872093   20.94244
0.0930233   19.34356
0.0988372   18.04282
0.1046512   16.72612
0.1104651   15.88136
0.1162791   14.45741
0.122093   14.23431
0.127907   13.43975
0.1337209   12.71785
0.1395349   12.21851
0.1453488   11.19584
0.1511628   11.16352
0.1569767   10.35972
0.1627907   9.828696
0.1686047   9.779347
0.1744186   9.353774
0.1802326   9.621213
0.1860465   8.59469
0.1918605   8.573593
0.1976744   8.083346
0.2034884   8.232717
0.2093023   7.783732
0.2151163   7.578036
0.2209302   7.511399
0.2267442   7.021207
0.2325581   7.196516
0.2383721   6.840195
0.244186   6.689298
0.25   6.395483
0.255814   6.255989
0.2616279   6.129335
0.2674419   6.014195
0.2732558   5.951168
0.2790698   6.029832
0.2848837   5.398675
0.2906977   5.594358
0.2965116   5.425258
0.3023256   5.42591
0.3081395   5.285674
0.3139535   5.223818
0.3197674   5.141843
0.3255814   4.809172
0.3313954   5.079876
0.3372093   4.984399
0.3430233   4.831212
0.3488372   4.831212
0.3546512   4.717564
0.3604651   4.732261
0.3662791   4.638808
0.372093   4.562963
0.377907   4.507027
0.3837209   4.468138
0.3895349   4.349355
0.3953488   4.331294
0.4011628   4.438157
0.4069767   4.224963
0.4127907   4.146869
0.4186046   4.103405
0.4244186   4.162828
0.4302326   4.138419
0.4360465   3.983815
0.4418605   3.991447
0.4476744   3.99326
0.4534884   3.889266
0.4593023   3.91482
0.4651163   3.691551
0.4709302   4.099108
0.4767442   4.099108
0.4825581   3.68729
0.4883721   3.68729
0.494186   3.755633
0.5   3.675465
0.505814   3.607737
0.5116279   3.607737
0.5174419   3.64268
0.5232558   3.504889
0.5290698   3.730716
0.5348837   3.3659
0.5406977   3.474985
0.5465117   3.461992
0.5523256   3.482347
0.5581396   3.48952
0.5639535   3.351982
0.5697674   3.348727
0.5755814   3.348727
0.5813953   3.416773
0.5872093   3.399098
0.5930232   3.399098
0.5988372   3.313573
0.6046512   3.313573
0.6104651   3.246862
0.6162791   3.246862
0.622093   3.185385
0.627907   3.276283
0.6337209   3.177081
0.6395349   3.177081
0.6453488   3.180049
0.6511628   3.180049
0.6569768   2.922841
0.6627907   2.922841
0.6686047   3.097
0.6744186   3.097
0.6802326   3.10307
0.6860465   3.10307
0.6918604   3.02648
0.6976744   2.986423
0.7034883   2.986423
0.7093023   2.986423
0.7151163   2.924052
0.7209302   2.924052
0.7267442   2.975688
0.7325581   2.975688
0.7383721   2.957238
0.744186   2.957238
0.75   2.908616
0.755814   2.908616
0.7616279   2.96397
0.7674419   2.96397
0.7732558   2.96397
0.7790698   2.829154
0.7848837   2.829154
0.7906977   2.83962
0.7965117   2.83962
0.8023256   2.83962
0.8081396   2.754104
0.8139535   2.754104
0.8197674   2.754104
0.8255814   2.795261
0.8313953   2.795261
0.8372093   2.708812
0.8430232   2.708812
0.8488372   2.708812
0.8546512   2.708812
0.8604651   2.712133
0.8662791   2.712133
0.872093   2.712133
0.877907   2.712133
0.8837209   2.673143
0.8895349   2.673143
0.8953488   2.739447
0.9011628   2.739447
0.9069768   2.739447
0.9127907   2.585399
0.9186047   2.585399
0.9244186   2.585399
0.9302326   2.617383
0.9360465   2.617383
0.9418604   2.617383
0.9476744   2.617383
0.9534883   2.582576
0.9593023   2.582576
0.9651163   2.582576
0.9709302   2.582576
0.9767442   2.59689
0.9825581   2.59689
0.9883721   2.59689
0.994186   2.59689
1   2.59689
