0   150.3413
0.005814   134.1636
0.0116279   115.8924
0.0174419   97.77914
0.0232558   81.73261
0.0290698   68.53468
0.0348837   58.07499
0.0406977   49.91156
0.0465116   43.48544
0.0523256   38.40104
0.0581395   34.99021
0.0639535   31.55043
0.0697674   28.70997
0.0755814   26.34381
0.0813954   24.36206
0.0872093   22.67303
0.0930233   21.25497
0.0988372   20.29555
0.1046512   18.97867
0.1104651   18.87906
0.1162791   16.53855
0.122093   17.13933
0.127907   16.5372
0.1337209   15.82497
0.1395349   15.42091
0.1453488   13.75836
0.1511628   14.49463
0.1569767   13.37291
0.1627907   12.70159
0.1686047   13.16156
0.1744186   12.75988
0.1802326   13.79083
0.1860465   11.72084
0.1918605   12.18445
0.1976744   11.22879
0.2034884   12.13011
0.2093023   11.30179
0.2151163   11.18762
0.2209302   11.4274
0.2267442   10.42447
0.2325581   11.13016
0.2383721   10.5273
0.244186   10.19777
0.25   9.760713
0.255814   9.601875
0.2616279   9.575068
0.2674419   9.396423
0.2732558   9.491921
0.2790698   9.918315
0.2848837   8.431125
0.2906977   9.113611
0.2965116   8.83815
0.3023256   8.933994
0.3081395   8.682181
0.3139535   8.68089
0.3197674   8.693891
0.3255814   7.850071
0.3313954   8.75331
0.3372093   8.747525
0.3430233   8.440701
0.3488372   8.440701
0.3546512   8.315747
0.3604651   8.501884
0.3662791   8.300911
0.372093   8.170355
0.377907   8.114923
0.3837209   8.162409
0.3895349   7.907425
0.3953488   7.916237
0.4011628   8.324491
0.4069767   7.843978
0.4127907   7.700614
0.4186046   7.635726
0.4244186   7.870765
0.4302326   7.85297
0.4360465   7.501608
0.4418605   7.567949
0.4476744   7.651484
0.4534884   7.454143
0.4593023   7.606383
0.4651163   7.05362
0.4709302   8.323752
0.4767442   8.323752
0.4825581   7.235927
0.4883721   7.235927
0.494186   7.458049
0.5   7.321347
0.505814   7.216718
0.5116279   7.216718
0.5174419   7.379234
0.5232558   7.040639
0.5290698   7.729815
0.5348837   6.74239
0.5406977   7.109072
0.5465117   7.097115
0.5523256   7.201832
0.5581396   7.253204
0.5639535   6.9091
0.5697674   6.984109
0.5755814   6.984109
0.5813953   7.21414
0.5872093   7.211994
0.5930232   7.211994
0.5988372   7.05306
0.6046512   7.05306
0.6104651   6.920607
0.6162791   6.920607
0.622093   6.799401
0.627907   7.088806
0.6337209   6.838672
0.6395349   6.838672
0.6453488   6.924051
0.6511628   6.924051
0.6569768   6.241834
0.6627907   6.241834
0.6686047   6.790748
0.6744186   6.790748
0.6802326   6.855936
0.6860465   6.855936
0.6918604   6.679991
0.6976744   6.598478
0.7034883   6.598478
0.7093023   6.598478
0.7151163   6.478369
0.7209302   6.478369
0.7267442   6.693702
0.7325581   6.693702
0.7383721   6.668126
0.744186   6.668126
0.75   6.563995
0.755814   6.563995
0.7616279   6.785616
0.7674419   6.785616
0.7732558   6.785616
0.7790698   6.435728
0.7848837   6.435728
0.7906977   6.517157
0.7965117   6.517157
0.8023256   6.517157
0.8081396   6.310787
0.8139535   6.310787
0.8197674   6.310787
0.8255814   6.497428
0.8313953   6.497428
0.8372093   6.262715
0.8430232   6.262715
0.8488372   6.262715
0.8546512   6.262715
0.8604651   6.340859
0.8662791   6.340859
0.872093   6.340859
0.877907   6.340859
0.8837209   6.276954
0.8895349   6.276954
0.8953488   6.506182
0.9011628   6.506182
0.9069768   6.506182
0.9127907   6.092002
0.9186047   6.092002
0.9244186   6.092002
0.9302326   6.235398
0.9360465   6.235398
0.9418604   6.235398
0.9476744   6.235398
0.9534883   6.178179
0.9593023   6.178179
0.9651163   6.178179
0.9709302   6.178179
0.9767442   6.270468
0.9825581   6.270468
0.9883721   6.270468
0.994186   6.270468
1   6.270468
