0   155.4986
0.005814   139.1858
0.0116279   120.6057
0.0174419   101.8676
0.0232558   85.06893
0.0290698   71.02628
0.0348837   59.74126
0.0406977   50.83289
0.0465116   43.70297
0.0523256   38.05798
0.0581395   34.15154
0.0639535   30.25921
0.0697674   27.00106
0.0755814   24.25028
0.0813954   22.00874
0.0872093   20.08813
0.0930233   18.41505
0.0988372   16.94635
0.1046512   15.56003
0.1104651   14.39432
0.1162791   13.4275
0.122093   12.8235
0.127907   11.91036
0.1337209   11.16576
0.1395349   10.65002
0.1453488   9.930379
0.1511628   9.522345
0.1569767   8.849665
0.1627907   8.417871
0.1686047   8.112108
0.1744186   7.624009
0.1802326   7.562083
0.1860465   7.035357
0.1918605   6.787288
0.1976744   6.558654
0.2034884   6.320427
0.2093023   6.025899
0.2151163   5.805075
0.2209302   5.57199
0.2267442   5.329281
0.2325581   5.235672
0.2383721   4.997945
0.244186   4.937104
0.25   4.721542
0.255814   4.584413
0.2616279   4.39927
0.2674419   4.331077
0.2732558   4.184282
0.2790698   4.086992
0.2848837   3.865558
0.2906977   3.832483
0.2965116   3.733026
0.3023256   3.679433
0.3081395   3.59294
0.3139535   3.506283
0.3197674   3.360506
0.3255814   3.28584
0.3313954   3.243511
0.3372093   3.110339
0.3430233   3.040968
0.3488372   3.040968
0.3546512   2.93314
0.3604651   2.853785
0.3662791   2.811386
0.372093   2.770448
0.377907   2.707676
0.3837209   2.634332
0.3895349   2.577564
0.3953488   2.551523
0.4011628   2.493941
0.4069767   2.407592
0.4127907   2.380098
0.4186046   2.344078
0.4244186   2.310546
0.4302326   2.291301
0.4360465   2.219399
0.4418605   2.221899
0.4476744   2.179809
0.4534884   2.119
0.4593023   2.078025
0.4651163   2.014091
0.4709302   1.99226
0.4767442   1.99226
0.4825581   1.921307
0.4883721   1.921307
0.494186   1.926173
0.5   1.873875
0.505814   1.802789
0.5116279   1.802789
0.5174419   1.787116
0.5232558   1.74852
0.5290698   1.740788
0.5348837   1.684072
0.5406977   1.669743
0.5465117   1.656922
0.5523256   1.640324
0.5581396   1.616519
0.5639535   1.583141
0.5697674   1.534782
0.5755814   1.534782
0.5813953   1.530526
0.5872093   1.500428
0.5930232   1.500428
0.5988372   1.460036
0.6046512   1.460036
0.6104651   1.423278
0.6162791   1.423278
0.622093   1.390564
0.627907   1.386169
0.6337209   1.352722
0.6395349   1.352722
0.6453488   1.315951
0.6511628   1.315951
0.6569768   1.267628
0.6627907   1.267628
0.6686047   1.26083
0.6744186   1.26083
0.6802326   1.235136
0.6860465   1.235136
0.6918604   1.209493
0.6976744   1.188171
0.7034883   1.188171
0.7093023   1.188171
0.7151163   1.155978
0.7209302   1.155978
0.7267442   1.125902
0.7325581   1.125902
0.7383721   1.109979
0.744186   1.109979
0.75   1.089768
0.755814   1.089768
0.7616279   1.059341
0.7674419   1.059341
0.7732558   1.059341
0.7790698   1.030633
0.7848837   1.030633
0.7906977   1.007345
0.7965117   1.007345
0.8023256   1.007345
0.8081396   0.983277
0.8139535   0.983277
0.8197674   0.983277
0.8255814   0.9539094
0.8313953   0.9539094
0.8372093   0.9361652
0.8430232   0.9361652
0.8488372   0.9361652
0.8546512   0.9361652
0.8604651   0.9065598
0.8662791   0.9065598
0.872093   0.9065598
0.877907   0.9065598
0.8837209   0.8809773
0.8895349   0.8809773
0.8953488   0.8607147
0.9011628   0.8607147
0.9069768   0.8607147
0.9127907   0.8379161
0.9186047   0.8379161
0.9244186   0.8379161
0.9302326   0.8138232
0.9360465   0.8138232
0.9418604   0.8138232
0.9476744   0.8138232
0.9534883   0.7890635
0.9593023   0.7890635
0.9651163   0.7890635
0.9709302   0.7890635
0.9767442   0.7662318
0.9825581   0.7662318
0.9883721   0.7662318
0.994186   0.7662318
1   0.7662318
