0   155.4456
0.005814   138.9354
0.0116279   120.1909
0.0174419   101.3782
0.0232558   84.58923
0.0290698   70.5585
0.0348837   59.43287
0.0406977   50.56221
0.0465116   43.57555
0.0523256   37.91125
0.0581395   34.07504
0.0639535   30.16654
0.0697674   26.94224
0.0755814   24.23517
0.0813954   22.01469
0.0872093   20.06611
0.0930233   18.36063
0.0988372   16.88655
0.1046512   15.63964
0.1104651   14.3707
0.1162791   13.40619
0.122093   12.74009
0.127907   11.87169
0.1337209   11.16279
0.1395349   10.58462
0.1453488   9.89876
0.1511628   9.473574
0.1569767   8.85656
0.1627907   8.366612
0.1686047   8.064339
0.1744186   7.67741
0.1802326   7.510731
0.1860465   7.027888
0.1918605   6.74903
0.1976744   6.462594
0.2034884   6.247612
0.2093023   6.023553
0.2151163   5.741369
0.2209302   5.534827
0.2267442   5.30992
0.2325581   5.223722
0.2383721   4.995323
0.244186   4.932953
0.25   4.70418
0.255814   4.58165
0.2616279   4.413635
0.2674419   4.315126
0.2732558   4.17733
0.2790698   4.084207
0.2848837   3.899312
0.2906977   3.837029
0.2965116   3.704605
0.3023256   3.664348
0.3081395   3.581868
0.3139535   3.484268
0.3197674   3.371154
0.3255814   3.291577
0.3313954   3.242821
0.3372093   3.095374
0.3430233   3.011944
0.3488372   3.011944
0.3546512   2.903798
0.3604651   2.841051
0.3662791   2.804141
0.372093   2.748072
0.377907   2.698445
0.3837209   2.607684
0.3895349   2.563096
0.3953488   2.526119
0.4011628   2.496058
0.4069767   2.423307
0.4127907   2.359867
0.4186046   2.330353
0.4244186   2.307184
0.4302326   2.270936
0.4360465   2.230435
0.4418605   2.184538
0.4476744   2.148453
0.4534884   2.094714
0.4593023   2.060035
0.4651163   2.006994
0.4709302   1.981294
0.4767442   1.981294
0.4825581   1.904654
0.4883721   1.904654
0.494186   1.882707
0.5   1.831183
0.505814   1.803714
0.5116279   1.803714
0.5174419   1.761662
0.5232558   1.72548
0.5290698   1.72155
0.5348837   1.671294
0.5406977   1.646091
0.5465117   1.631941
0.5523256   1.60488
0.5581396   1.598836
0.5639535   1.56365
0.5697674   1.527308
0.5755814   1.527308
0.5813953   1.505616
0.5872093   1.484837
0.5930232   1.484837
0.5988372   1.427626
0.6046512   1.427626
0.6104651   1.396751
0.6162791   1.396751
0.622093   1.366144
0.627907   1.35385
0.6337209   1.339892
0.6395349   1.339892
0.6453488   1.300124
0.6511628   1.300124
0.6569768   1.259032
0.6627907   1.259032
0.6686047   1.239354
0.6744186   1.239354
0.6802326   1.218155
0.6860465   1.218155
0.6918604   1.189941
0.6976744   1.172671
0.7034883   1.172671
0.7093023   1.172671
0.7151163   1.137799
0.7209302   1.137799
0.7267442   1.107489
0.7325581   1.107489
0.7383721   1.093621
0.744186   1.093621
0.75   1.072117
0.755814   1.072117
0.7616279   1.046938
0.7674419   1.046938
0.7732558   1.046938
0.7790698   1.021133
0.7848837   1.021133
0.7906977   0.9943318
0.7965117   0.9943318
0.8023256   0.9943318
0.8081396   0.9682148
0.8139535   0.9682148
0.8197674   0.9682148
0.8255814   0.9344729
0.8313953   0.9344729
0.8372093   0.9275185
0.8430232   0.9275185
0.8488372   0.9275185
0.8546512   0.9275185
0.8604651   0.8890103
0.8662791   0.8890103
0.872093   0.8890103
0.877907   0.8890103
0.8837209   0.861543
0.8895349   0.861543
0.8953488   0.8514769
0.9011628   0.8514769
0.9069768   0.8514769
0.9127907   0.8263324
0.9186047   0.8263324
0.9244186   0.8263324
0.9302326   0.8029147
0.9360465   0.8029147
0.9418604   0.8029147
0.9476744   0.8029147
0.9534883   0.7805309
0.9593023   0.7805309
0.9651163   0.7805309
0.9709302   0.7805309
0.9767442   0.7539487
0.9825581   0.7539487
0.9883721   0.7539487
0.994186   0.7539487
1   0.7539487
