0   1.052174
0.005814   1.25102
0.0116279   1.493513
0.0174419   1.774156
0.0232558   2.075425
0.0290698   2.387797
0.0348837   2.698957
0.0406977   3.008087
0.0465116   3.310199
0.0523256   3.606717
0.0581395   3.847297
0.0639535   4.129534
0.0697674   4.405786
0.0755814   4.670855
0.0813954   4.929624
0.0872093   5.17973
0.0930233   5.426251
0.0988372   5.668296
0.1046512   5.896477
0.1104651   6.1165
0.1162791   6.356416
0.122093   6.538865
0.127907   6.775917
0.1337209   6.915366
0.1395349   7.251968
0.1453488   7.454203
0.1511628   7.483192
0.1569767   7.803523
0.1627907   7.860146
0.1686047   8.242918
0.1744186   8.36964
0.1802326   8.427932
0.1860465   8.516562
0.1918605   8.79985
0.1976744   8.776037
0.2034884   9.05508
0.2093023   9.128825
0.2151163   9.357437
0.2209302   9.449419
0.2267442   9.541394
0.2325581   9.798078
0.2383721   9.945091
0.244186   10.03675
0.25   10.02207
0.255814   10.43817
0.2616279   10.48296
0.2674419   10.53256
0.2732558   10.80628
0.2790698   11.05277
0.2848837   11.00737
0.2906977   11.27233
0.2965116   11.21216
0.3023256   11.52759
0.3081395   11.62618
0.3139535   11.95996
0.3197674   11.91467
0.3255814   11.85668
0.3313954   12.00027
0.3372093   12.1841
0.3430233   12.048
0.3488372   12.20683
0.3546512   12.41939
0.3604651   12.52395
0.3662791   12.70185
0.372093   12.57331
0.377907   12.96604
0.3837209   13.00053
0.3895349   13.01661
0.3953488   13.18013
0.4011628   13.29763
0.4069767   13.43256
0.4127907   13.44787
0.4186046   13.45965
0.4244186   13.67643
0.4302326   13.63655
0.4360465   13.74331
0.4418605   13.74331
0.4476744   13.87243
0.4534884   13.99869
0.4593023   14.13491
0.4651163   14.19378
0.4709302   14.41966
0.4767442   14.28335
0.4825581   14.46917
0.4883721   14.53076
0.494186   14.60706
0.5   14.69702
0.505814   14.59597
0.5116279   15.01793
0.5174419   14.70986
0.5232558   15.09225
0.5290698   15.13224
0.5348837   15.34719
0.5406977   15.29038
0.5465117   15.41418
0.5523256   15.28999
0.5581396   15.21425
0.5639535   15.40356
0.5697674   15.75258
0.5755814   15.6268
0.5813953   15.61928
0.5872093   15.61928
0.5930232   15.80252
0.5988372   15.80252
0.6046512   16.03798
0.6104651   15.77259
0.6162791   16.20194
0.622093   15.82121
0.627907   16.12228
0.6337209   16.3368
0.6395349   16.17441
0.6453488   16.51822
0.6511628   16.15531
0.6569768   16.26458
0.6627907   16.26458
0.6686047   16.3332
0.6744186   16.5356
0.6802326   16.5725
0.6860465   16.5725
0.6918604   16.68821
0.6976744   16.86028
0.7034883   16.92706
0.7093023   16.92706
0.7151163   17.00087
0.7209302   16.79648
0.7267442   16.79648
0.7325581   17.17181
0.7383721   17.23486
0.744186   17.28013
0.75   17.19113
0.755814   17.19113
0.7616279   17.35145
0.7674419   17.35145
0.7732558   17.47496
0.7790698   17.42813
0.7848837   17.34728
0.7906977   17.45676
0.7965117   17.63604
0.8023256   17.63604
0.8081396   17.67007
0.8139535   17.67007
0.8197674   17.88387
0.8255814   17.88387
0.8313953   17.98248
0.8372093   17.96144
0.8430232   17.96144
0.8488372   17.86904
0.8546512   17.87098
0.8604651   17.99441
0.8662791   18.28182
0.872093   18.28182
0.877907   18.23057
0.8837209   18.23057
0.8895349   18.2985
0.8953488   18.32957
0.9011628   18.32957
0.9069768   18.38022
0.9127907   18.38022
0.9186047   18.20398
0.9244186   18.5065
0.9302326   18.5065
0.9360465   18.63791
0.9418604   18.63791
0.9476744   18.49488
0.9534883   18.63114
0.9593023   18.63114
0.9651163   18.80068
0.9709302   18.80068
0.9767442   18.7759
0.9825581   18.7759
0.9883721   18.79363
0.994186   18.8577
1   18.8577
