0   4.122412e-10
0.005814   5.013533e-10
0.0116279   6.430183e-10
0.0174419   8.626094e-10
0.0232558   1.177703e-9
0.0290698   1.610734e-9
0.0348837   2.173127e-9
0.0406977   2.873420e-9
0.0465116   3.734773e-9
0.0523256   4.767670e-9
0.0581395   5.763320e-9
0.0639535   7.139253e-9
0.0697674   8.704951e-9
0.0755814   1.048506e-8
0.0813954   1.246238e-8
0.0872093   1.467362e-8
0.0930233   1.705900e-8
0.0988372   1.971081e-8
0.1046512   2.255990e-8
0.1104651   2.634223e-8
0.1162791   2.891024e-8
0.122093   3.172423e-8
0.127907   3.563527e-8
0.1337209   3.981271e-8
0.1395349   4.641980e-8
0.1453488   5.068663e-8
0.1511628   5.343202e-8
0.1569767   5.729372e-8
0.1627907   6.126934e-8
0.1686047   6.398794e-8
0.1744186   6.782435e-8
0.1802326   7.490216e-8
0.1860465   9.194300e-8
0.1918605   8.185877e-8
0.1976744   1.054096e-7
0.2034884   1.042381e-7
0.2093023   9.692288e-8
0.2151163   1.018206e-7
0.2209302   1.044047e-7
0.2267442   1.427602e-7
0.2325581   1.478217e-7
0.2383721   1.327818e-7
0.244186   1.542850e-7
0.25   1.455174e-7
0.255814   1.771323e-7
0.2616279   1.838157e-7
0.2674419   1.812642e-7
0.2732558   2.121504e-7
0.2790698   1.981139e-7
0.2848837   2.074579e-7
0.2906977   2.100387e-7
0.2965116   2.367281e-7
0.3023256   2.415234e-7
0.3081395   2.644636e-7
0.3139535   2.505669e-7
0.3197674   2.540175e-7
0.3255814   2.125398e-7
0.3313954   2.243583e-7
0.3372093   3.377650e-7
0.3430233   2.917078e-7
0.3488372   2.384067e-7
0.3546512   3.177422e-7
0.3604651   3.108496e-7
0.3662791   3.466677e-7
0.372093   3.709738e-7
0.377907   3.734057e-7
0.3837209   3.628930e-7
0.3895349   3.636542e-7
0.3953488   3.978558e-7
0.4011628   3.866662e-7
0.4069767   3.925739e-7
0.4127907   4.683635e-7
0.4186046   4.995343e-7
0.4244186   4.507587e-7
0.4302326   4.881922e-7
0.4360465   5.299016e-7
0.4418605   5.299016e-7
0.4476744   5.089911e-7
0.4534884   5.653771e-7
0.4593023   6.225744e-7
0.4651163   4.915780e-7
0.4709302   6.276848e-7
0.4767442   6.839914e-7
0.4825581   7.356310e-7
0.4883721   6.749603e-7
0.494186   7.190989e-7
0.5   7.203673e-7
0.505814   5.741056e-7
0.5116279   9.001938e-7
0.5174419   7.458011e-7
0.5232558   8.301439e-7
0.5290698   6.592213e-7
0.5348837   8.645736e-7
0.5406977   1.164735e-6
0.5465117   7.241059e-7
0.5523256   8.477006e-7
0.5581396   8.799962e-7
0.5639535   1.021363e-6
0.5697674   1.114656e-6
0.5755814   1.169106e-6
0.5813953   8.768111e-7
0.5872093   8.768111e-7
0.5930232   9.025763e-7
0.5988372   9.025763e-7
0.6046512   1.037408e-6
0.6104651   1.302913e-6
0.6162791   1.056094e-6
0.622093   1.464500e-6
0.627907   1.214613e-6
0.6337209   1.391073e-6
0.6395349   1.549379e-6
0.6453488   1.245871e-6
0.6511628   1.458225e-6
0.6569768   1.328182e-6
0.6627907   1.328182e-6
0.6686047   1.602484e-6
0.6744186   1.568650e-6
0.6802326   1.618332e-6
0.6860465   1.618332e-6
0.6918604   1.715244e-6
0.6976744   1.892866e-6
0.7034883   1.715799e-6
0.7093023   1.715799e-6
0.7151163   1.714084e-6
0.7209302   1.747003e-6
0.7267442   1.747003e-6
0.7325581   1.997159e-6
0.7383721   1.990969e-6
0.744186   2.328125e-6
0.75   2.191189e-6
0.755814   2.191189e-6
0.7616279   2.474911e-6
0.7674419   2.474911e-6
0.7732558   1.962338e-6
0.7790698   2.408117e-6
0.7848837   2.418158e-6
0.7906977   2.284533e-6
0.7965117   2.702415e-6
0.8023256   2.702415e-6
0.8081396   2.563661e-6
0.8139535   2.563661e-6
0.8197674   2.965861e-6
0.8255814   2.965861e-6
0.8313953   2.224105e-6
0.8372093   3.079221e-6
0.8430232   3.079221e-6
0.8488372   2.646076e-6
0.8546512   3.036353e-6
0.8604651   2.802090e-6
0.8662791   3.258203e-6
0.872093   3.258203e-6
0.877907   3.042788e-6
0.8837209   3.042788e-6
0.8895349   3.475400e-6
0.8953488   3.380345e-6
0.9011628   3.380345e-6
0.9069768   3.689264e-6
0.9127907   3.689264e-6
0.9186047   3.592388e-6
0.9244186   3.863552e-6
0.9302326   3.863552e-6
0.9360465   3.820732e-6
0.9418604   3.820732e-6
0.9476744   3.640188e-6
0.9534883   4.014247e-6
0.9593023   4.014247e-6
0.9651163   3.785791e-6
0.9709302   3.785791e-6
0.9767442   4.498253e-6
0.9825581   4.498253e-6
0.9883721   3.850888e-6
0.994186   4.965022e-6
1   4.965022e-6
