0   544.7344
0.005814   614.9655
0.0116279   685.7491
0.0174419   751.2515
0.0232558   805.6375
0.0290698   848.7943
0.0348837   882.0194
0.0406977   907.6844
0.0465116   927.5067
0.0523256   943.1483
0.0581395   954.0436
0.0639535   964.2523
0.0697674   972.5516
0.0755814   979.8443
0.0813954   986.1341
0.0872093   991.2523
0.0930233   995.7502
0.0988372   999.5886
0.1046512   1003.002
0.1104651   1007.932
0.1162791   1008.47
0.122093   1009.713
0.127907   1011.092
0.1337209   1016.453
0.1395349   1010.188
0.1453488   1011.127
0.1511628   1022.053
0.1569767   1018.771
0.1627907   1020.106
0.1686047   1015.824
0.1744186   1019.617
0.1802326   1022.713
0.1860465   1024.171
0.1918605   1023.739
0.1976744   1025.906
0.2034884   1022.039
0.2093023   1027
0.2151163   1026.807
0.2209302   1029.297
0.2267442   1028.036
0.2325581   1026.719
0.2383721   1027.602
0.244186   1030.929
0.25   1032.516
0.255814   1028.941
0.2616279   1032.929
0.2674419   1032.302
0.2732558   1032.333
0.2790698   1030.162
0.2848837   1032.921
0.2906977   1032.372
0.2965116   1033.623
0.3023256   1032.859
0.3081395   1030.712
0.3139535   1034.642
0.3197674   1036.204
0.3255814   1034.763
0.3313954   1035.723
0.3372093   1033.097
0.3430233   1037.083
0.3488372   1035.97
0.3546512   1034.347
0.3604651   1031.666
0.3662791   1036.563
0.372093   1036.197
0.377907   1034.453
0.3837209   1034.373
0.3895349   1037.013
0.3953488   1034.815
0.4011628   1037.581
0.4069767   1031.301
0.4127907   1036.978
0.4186046   1038.313
0.4244186   1036.498
0.4302326   1037.678
0.4360465   1040.603
0.4418605   1040.603
0.4476744   1035.937
0.4534884   1037.992
0.4593023   1037.308
0.4651163   1035.55
0.4709302   1040.938
0.4767442   1037.093
0.4825581   1037.201
0.4883721   1037.856
0.494186   1038.255
0.5   1037.574
0.505814   1038.456
0.5116279   1037.667
0.5174419   1037.661
0.5232558   1037.932
0.5290698   1037.053
0.5348837   1037.987
0.5406977   1036.733
0.5465117   1038.407
0.5523256   1038.24
0.5581396   1038.198
0.5639535   1038.91
0.5697674   1039.669
0.5755814   1035.738
0.5813953   1041.809
0.5872093   1041.809
0.5930232   1040.567
0.5988372   1040.567
0.6046512   1035.59
0.6104651   1040.77
0.6162791   1037.212
0.622093   1039.245
0.627907   1037.356
0.6337209   1041.005
0.6395349   1039.54
0.6453488   1041.774
0.6511628   1037.296
0.6569768   1038.47
0.6627907   1038.47
0.6686047   1037.948
0.6744186   1039.322
0.6802326   1038.838
0.6860465   1038.838
0.6918604   1039.916
0.6976744   1034.607
0.7034883   1038.765
0.7093023   1038.765
0.7151163   1038.15
0.7209302   1039.23
0.7267442   1039.23
0.7325581   1038.337
0.7383721   1039.507
0.744186   1039.143
0.75   1039.59
0.755814   1039.59
0.7616279   1036.401
0.7674419   1036.401
0.7732558   1039.84
0.7790698   1039.789
0.7848837   1040.062
0.7906977   1039.743
0.7965117   1039.983
0.8023256   1039.983
0.8081396   1040.656
0.8139535   1040.656
0.8197674   1040.052
0.8255814   1040.052
0.8313953   1040.223
0.8372093   1039.116
0.8430232   1039.116
0.8488372   1040.786
0.8546512   1040.615
0.8604651   1039.677
0.8662791   1039.267
0.872093   1039.267
0.877907   1041.386
0.8837209   1041.386
0.8895349   1040.457
0.8953488   1039.966
0.9011628   1039.966
0.9069768   1040.189
0.9127907   1040.189
0.9186047   1038.407
0.9244186   1040.536
0.9302326   1040.536
0.9360465   1039.714
0.9418604   1039.714
0.9476744   1039.567
0.9534883   1041.03
0.9593023   1041.03
0.9651163   1040.166
0.9709302   1040.166
0.9767442   1039.614
0.9825581   1039.614
0.9883721   1040.152
0.994186   1039.262
1   1039.262
