0   76.58056
0.005814   68.94879
0.0116279   60.06663
0.0174419   51.0345
0.0232558   42.85889
0.0290698   35.93234
0.0348837   30.37784
0.0406977   25.89361
0.0465116   22.36875
0.0523256   19.523
0.0581395   17.5984
0.0639535   15.66861
0.0697674   14.0619
0.0755814   12.76298
0.0813954   11.66203
0.0872093   10.74081
0.0930233   9.949918
0.0988372   9.254849
0.1046512   8.669517
0.1104651   8.360137
0.1162791   7.641004
0.122093   7.26939
0.127907   6.919783
0.1337209   6.933201
0.1395349   5.801272
0.1453488   5.52762
0.1511628   6.212601
0.1569767   5.454931
0.1627907   5.634757
0.1686047   4.79942
0.1744186   4.849434
0.1802326   4.973004
0.1860465   4.965761
0.1918605   4.575205
0.1976744   4.984282
0.2034884   4.482106
0.2093023   4.639999
0.2151163   4.360137
0.2209302   4.319874
0.2267442   4.381319
0.2325581   4.076001
0.2383721   3.977129
0.244186   4.005574
0.25   4.247223
0.255814   3.629264
0.2616279   3.729258
0.2674419   3.730227
0.2732558   3.518304
0.2790698   3.261731
0.2848837   3.482196
0.2906977   3.26668
0.2965116   3.415117
0.3023256   3.142185
0.3081395   3.077764
0.3139535   2.903714
0.3197674   3.028772
0.3255814   3.152415
0.3313954   3.090206
0.3372093   2.960242
0.3430233   3.184066
0.3488372   3.074619
0.3546512   2.912442
0.3604651   2.871249
0.3662791   2.805814
0.372093   2.945635
0.377907   2.686885
0.3837209   2.740105
0.3895349   2.786045
0.3953488   2.666629
0.4011628   2.658584
0.4069767   2.560458
0.4127907   2.644907
0.4186046   2.696244
0.4244186   2.555098
0.4302326   2.627139
0.4360465   2.639204
0.4418605   2.639204
0.4476744   2.58855
0.4534884   2.535395
0.4593023   2.464169
0.4651163   2.480673
0.4709302   2.407354
0.4767442   2.477368
0.4825581   2.398401
0.4883721   2.398169
0.494186   2.38982
0.5   2.363103
0.505814   2.454904
0.5116279   2.258407
0.5174419   2.457992
0.5232558   2.289306
0.5290698   2.271188
0.5348837   2.196726
0.5406977   2.239439
0.5465117   2.230257
0.5523256   2.290123
0.5581396   2.347328
0.5639535   2.276184
0.5697674   2.142752
0.5755814   2.19279
0.5813953   2.2708
0.5872093   2.2708
0.5930232   2.223524
0.5988372   2.223524
0.6046512   2.101332
0.6104651   2.278138
0.6162791   2.087386
0.622093   2.281417
0.627907   2.16031
0.6337209   2.088502
0.6395349   2.165952
0.6453488   2.060736
0.6511628   2.208986
0.6569768   2.193738
0.6627907   2.193738
0.6686047   2.172421
0.6744186   2.115623
0.6802326   2.124391
0.6860465   2.124391
0.6918604   2.099009
0.6976744   2.025913
0.7034883   2.049723
0.7093023   2.049723
0.7151163   2.04376
0.7209302   2.144542
0.7267442   2.144542
0.7325581   2.004949
0.7383721   2.005241
0.744186   2.001412
0.75   2.05063
0.755814   2.05063
0.7616279   1.999896
0.7674419   1.999896
0.7732558   1.990021
0.7790698   2.014857
0.7848837   2.049251
0.7906977   2.033398
0.7965117   1.985757
0.8023256   1.985757
0.8081396   1.997345
0.8139535   1.997345
0.8197674   1.93506
0.8255814   1.93506
0.8313953   1.937034
0.8372093   1.935953
0.8430232   1.935953
0.8488372   1.985434
0.8546512   1.988682
0.8604651   1.961358
0.8662791   1.882452
0.872093   1.882452
0.877907   1.927492
0.8837209   1.927492
0.8895349   1.914077
0.8953488   1.913488
0.9011628   1.913488
0.9069768   1.913221
0.9127907   1.913221
0.9186047   1.968429
0.9244186   1.903277
0.9302326   1.903277
0.9360465   1.873532
0.9418604   1.873532
0.9476744   1.927415
0.9534883   1.903713
0.9593023   1.903713
0.9651163   1.861203
0.9709302   1.861203
0.9767442   1.877874
0.9825581   1.877874
0.9883721   1.884295
0.994186   1.884128
1   1.884128
