0   77.96137
0.005814   70.32525
0.0116279   61.43033
0.0174419   52.35102
0.0232558   44.04131
0.0290698   36.95491
0.0348837   31.2546
0.0406977   26.6425
0.0465116   22.93893
0.0523256   19.96268
0.0581395   17.92241
0.0639535   15.84575
0.0697674   14.12115
0.0755814   12.71636
0.0813954   11.51516
0.0872093   10.53084
0.0930233   9.618053
0.0988372   8.878473
0.1046512   8.205998
0.1104651   7.620522
0.1162791   7.09581
0.122093   6.701502
0.127907   6.158435
0.1337209   5.924057
0.1395349   5.505333
0.1453488   5.212057
0.1511628   4.986957
0.1569767   4.656227
0.1627907   4.488834
0.1686047   4.128903
0.1744186   4.000177
0.1802326   3.890907
0.1860465   3.800429
0.1918605   3.589369
0.1976744   3.435661
0.2034884   3.276181
0.2093023   3.183623
0.2151163   3.02715
0.2209302   2.991597
0.2267442   2.850549
0.2325581   2.727025
0.2383721   2.633224
0.244186   2.589624
0.25   2.463156
0.255814   2.397994
0.2616279   2.35367
0.2674419   2.316439
0.2732558   2.20439
0.2790698   2.135486
0.2848837   2.084565
0.2906977   2.005475
0.2965116   1.988455
0.3023256   1.906019
0.3081395   1.865615
0.3139535   1.78928
0.3197674   1.768472
0.3255814   1.735267
0.3313954   1.693996
0.3372093   1.640257
0.3430233   1.622963
0.3488372   1.587623
0.3546512   1.549468
0.3604651   1.509021
0.3662791   1.487814
0.372093   1.4926
0.377907   1.429147
0.3837209   1.38015
0.3895349   1.366673
0.3953488   1.345476
0.4011628   1.316648
0.4069767   1.27289
0.4127907   1.257978
0.4186046   1.231489
0.4244186   1.212086
0.4302326   1.197021
0.4360465   1.171968
0.4418605   1.171968
0.4476744   1.126027
0.4534884   1.116066
0.4593023   1.101187
0.4651163   1.063285
0.4709302   1.052348
0.4767442   1.04623
0.4825581   1.029157
0.4883721   1.008961
0.494186   0.9929695
0.5   0.9791465
0.505814   0.9725616
0.5116279   0.9437901
0.5174419   0.9325076
0.5232558   0.9108306
0.5290698   0.9071929
0.5348837   0.8823885
0.5406977   0.8770708
0.5465117   0.8502971
0.5523256   0.8553659
0.5581396   0.8474801
0.5639535   0.8384238
0.5697674   0.8202567
0.5755814   0.8163471
0.5813953   0.7993212
0.5872093   0.7993212
0.5930232   0.7726263
0.5988372   0.7726263
0.6046512   0.7642664
0.6104651   0.7565411
0.6162791   0.7413912
0.622093   0.7335076
0.627907   0.7113278
0.6337209   0.7219862
0.6395349   0.7186774
0.6453488   0.6941463
0.6511628   0.6862751
0.6569768   0.6732405
0.6627907   0.6732405
0.6686047   0.6737629
0.6744186   0.6601513
0.6802326   0.6424103
0.6860465   0.6424103
0.6918604   0.6394802
0.6976744   0.6262607
0.7034883   0.6100137
0.7093023   0.6100137
0.7151163   0.5952694
0.7209302   0.5822662
0.7267442   0.5822662
0.7325581   0.585214
0.7383721   0.5769471
0.744186   0.5712262
0.75   0.5634822
0.755814   0.5634822
0.7616279   0.54865
0.7674419   0.54865
0.7732558   0.5424052
0.7790698   0.540677
0.7848837   0.5392801
0.7906977   0.5220113
0.7965117   0.5172728
0.8023256   0.5172728
0.8081396   0.5096528
0.8139535   0.5096528
0.8197674   0.503077
0.8255814   0.503077
0.8313953   0.48582
0.8372093   0.4874652
0.8430232   0.4874652
0.8488372   0.4815287
0.8546512   0.4797001
0.8604651   0.4693022
0.8662791   0.4619775
0.872093   0.4619775
0.877907   0.4518827
0.8837209   0.4518827
0.8895349   0.447264
0.8953488   0.440728
0.9011628   0.440728
0.9069768   0.4344857
0.9127907   0.4344857
0.9186047   0.431751
0.9244186   0.4214572
0.9302326   0.4214572
0.9360465   0.414057
0.9418604   0.414057
0.9476744   0.4070505
0.9534883   0.4042897
0.9593023   0.4042897
0.9651163   0.3996796
0.9709302   0.3996796
0.9767442   0.3926063
0.9825581   0.3926063
0.9883721   0.3888803
0.994186   0.3778372
1   0.3778372
