0   77.8499
0.005814   70.23321
0.0116279   61.2872
0.0174419   52.07254
0.0232558   43.74435
0.0290698   36.66881
0.0348837   30.96325
0.0406977   26.40721
0.0465116   22.76175
0.0523256   19.80169
0.0581395   17.79441
0.0639535   15.75779
0.0697674   14.0648
0.0755814   12.67532
0.0813954   11.5181
0.0872093   10.48103
0.0930233   9.628297
0.0988372   8.829412
0.1046512   8.211285
0.1104651   7.563488
0.1162791   7.086869
0.122093   6.702783
0.127907   6.226873
0.1337209   5.874172
0.1395349   5.516989
0.1453488   5.213038
0.1511628   4.973751
0.1569767   4.666258
0.1627907   4.47986
0.1686047   4.239097
0.1744186   4.017689
0.1802326   3.903164
0.1860465   3.77219
0.1918605   3.569621
0.1976744   3.428019
0.2034884   3.287002
0.2093023   3.149724
0.2151163   3.052447
0.2209302   2.97572
0.2267442   2.833282
0.2325581   2.717237
0.2383721   2.646364
0.244186   2.552205
0.25   2.492128
0.255814   2.397537
0.2616279   2.334868
0.2674419   2.281953
0.2732558   2.189797
0.2790698   2.134496
0.2848837   2.067944
0.2906977   2.000114
0.2965116   1.964783
0.3023256   1.912156
0.3081395   1.871012
0.3139535   1.795537
0.3197674   1.760433
0.3255814   1.715958
0.3313954   1.674315
0.3372093   1.632835
0.3430233   1.617242
0.3488372   1.582517
0.3546512   1.551999
0.3604651   1.503019
0.3662791   1.480457
0.372093   1.450339
0.377907   1.402629
0.3837209   1.368276
0.3895349   1.350291
0.3953488   1.332487
0.4011628   1.303403
0.4069767   1.27733
0.4127907   1.25249
0.4186046   1.23187
0.4244186   1.212687
0.4302326   1.196261
0.4360465   1.159455
0.4418605   1.159455
0.4476744   1.12033
0.4534884   1.115424
0.4593023   1.103989
0.4651163   1.07105
0.4709302   1.058511
0.4767442   1.047272
0.4825581   1.027622
0.4883721   1.015982
0.494186   0.9975185
0.5   0.9789735
0.505814   0.9612463
0.5116279   0.9370617
0.5174419   0.9238957
0.5232558   0.9005154
0.5290698   0.8937585
0.5348837   0.8868718
0.5406977   0.8693422
0.5465117   0.8542409
0.5523256   0.8521909
0.5581396   0.8424173
0.5639535   0.8294088
0.5697674   0.8137012
0.5755814   0.7996393
0.5813953   0.7871454
0.5872093   0.7871454
0.5930232   0.7631851
0.5988372   0.7631851
0.6046512   0.7493679
0.6104651   0.7404054
0.6162791   0.7244965
0.622093   0.7260609
0.627907   0.7178293
0.6337209   0.7099742
0.6395349   0.6967449
0.6453488   0.6937228
0.6511628   0.6791298
0.6569768   0.6675498
0.6627907   0.6675498
0.6686047   0.6551753
0.6744186   0.6494074
0.6802326   0.6399986
0.6860465   0.6399986
0.6918604   0.6282207
0.6976744   0.6125284
0.7034883   0.6053423
0.7093023   0.6053423
0.7151163   0.5939749
0.7209302   0.5922203
0.7267442   0.5922203
0.7325581   0.5799208
0.7383721   0.5718679
0.744186   0.5627099
0.75   0.5564554
0.755814   0.5564554
0.7616279   0.5446474
0.7674419   0.5446474
0.7732558   0.5374969
0.7790698   0.5305794
0.7848837   0.5280673
0.7906977   0.5203918
0.7965117   0.5119047
0.8023256   0.5119047
0.8081396   0.5001768
0.8139535   0.5001768
0.8197674   0.4941698
0.8255814   0.4941698
0.8313953   0.4783518
0.8372093   0.4784275
0.8430232   0.4784275
0.8488372   0.4743767
0.8546512   0.4713584
0.8604651   0.4636545
0.8662791   0.4574303
0.872093   0.4574303
0.877907   0.4497612
0.8837209   0.4497612
0.8895349   0.4417616
0.8953488   0.4367811
0.9011628   0.4367811
0.9069768   0.4291244
0.9127907   0.4291244
0.9186047   0.4209605
0.9244186   0.4161642
0.9302326   0.4161642
0.9360465   0.4105117
0.9418604   0.4105117
0.9476744   0.4047675
0.9534883   0.3989234
0.9593023   0.3989234
0.9651163   0.3930092
0.9709302   0.3930092
0.9767442   0.3876036
0.9825581   0.3876036
0.9883721   0.3826465
0.994186   0.3712941
1   0.3712941
