0   1.059574
0.005814   1.274548
0.0116279   1.532779
0.0174419   1.823792
0.0232558   2.134471
0.0290698   2.450562
0.0348837   2.764966
0.0406977   3.073721
0.0465116   3.374368
0.0523256   3.668564
0.0581395   3.928406
0.0639535   4.18168
0.0697674   4.427704
0.0755814   4.7098
0.0813954   4.987271
0.0872093   5.18976
0.0930233   5.439408
0.0988372   5.637407
0.1046512   5.859363
0.1104651   5.905989
0.1162791   6.318233
0.122093   6.429069
0.127907   6.662676
0.1337209   6.889579
0.1395349   7.058622
0.1453488   7.19143
0.1511628   7.439939
0.1569767   7.532855
0.1627907   7.825784
0.1686047   7.941514
0.1744186   8.137936
0.1802326   8.274126
0.1860465   8.486711
0.1918605   8.489248
0.1976744   8.772519
0.2034884   8.790604
0.2093023   8.924508
0.2151163   9.115796
0.2209302   9.187973
0.2267442   9.486408
0.2325581   9.671331
0.2383721   9.727027
0.244186   9.840655
0.25   10.00428
0.255814   10.04557
0.2616279   10.15501
0.2674419   10.4451
0.2732558   10.4451
0.2790698   10.45497
0.2848837   10.79901
0.2906977   10.68341
0.2965116   10.99756
0.3023256   11.13109
0.3081395   11.13109
0.3139535   11.28482
0.3197674   11.28482
0.3255814   11.32001
0.3313954   11.53399
0.3372093   11.64321
0.3430233   11.77844
0.3488372   11.77844
0.3546512   11.99704
0.3604651   11.93084
0.3662791   12.06805
0.372093   12.06805
0.377907   12.27245
0.3837209   12.40719
0.3895349   12.40719
0.3953488   12.71214
0.4011628   12.79322
0.4069767   12.79322
0.4127907   12.79148
0.4186046   12.79148
0.4244186   12.91663
0.4302326   12.91663
0.4360465   13.10997
0.4418605   13.22315
0.4476744   13.22315
0.4534884   13.36259
0.4593023   13.36259
0.4651163   13.36117
0.4709302   13.56463
0.4767442   13.66887
0.4825581   13.66887
0.4883721   13.72635
0.494186   13.907
0.5   13.907
0.505814   13.90269
0.5116279   14.04955
0.5174419   14.04955
0.5232558   14.22906
0.5290698   14.22906
0.5348837   14.20025
0.5406977   14.32737
0.5465117   14.32737
0.5523256   14.50502
0.5581396   14.50502
0.5639535   14.54006
0.5697674   14.67446
0.5755814   14.67446
0.5813953   14.81063
0.5872093   14.81063
0.5930232   14.81063
0.5988372   14.93105
0.6046512   14.93105
0.6104651   15.06299
0.6162791   15.06299
0.622093   15.16762
0.627907   15.16762
0.6337209   15.16762
0.6395349   15.31002
0.6453488   15.31002
0.6511628   15.31002
0.6569768   15.52504
0.6627907   15.52504
0.6686047   15.58191
0.6744186   15.58191
0.6802326   15.58191
0.6860465   15.58191
0.6918604   15.48524
0.6976744   15.48524
0.7034883   15.48524
0.7093023   15.48524
0.7151163   16.06833
0.7209302   16.06833
0.7267442   16.06833
0.7325581   16.06833
0.7383721   16.21064
0.744186   16.21064
0.75   16.21064
0.755814   16.21064
0.7616279   16.21064
0.7674419   16.25193
0.7732558   16.25193
0.7790698   16.40029
0.7848837   16.40029
0.7906977   16.40029
0.7965117   16.40029
0.8023256   16.40029
0.8081396   16.47545
0.8139535   16.47545
0.8197674   16.71668
0.8255814   16.71668
0.8313953   16.71668
0.8372093   16.71668
0.8430232   16.71668
0.8488372   16.61852
0.8546512   16.73586
0.8604651   17.17433
0.8662791   17.17433
0.872093   17.17433
0.877907   17.17433
0.8837209   16.62485
0.8895349   17.23542
0.8953488   17.10811
0.9011628   17.10811
0.9069768   17.10811
0.9127907   17.10811
0.9186047   17.10811
0.9244186   17.10383
0.9302326   17.10383
0.9360465   17.10383
0.9418604   17.07745
0.9476744   17.07745
0.9534883   17.07745
0.9593023   17.07745
0.9651163   17.34481
0.9709302   17.34481
0.9767442   17.34481
0.9825581   17.34481
0.9883721   17.56179
0.994186   17.56179
1   17.56179
