0   5.823396e-10
0.005814   7.044687e-10
0.0116279   8.956802e-10
0.0174419   1.181153e-9
0.0232558   1.579506e-9
0.0290698   2.109382e-9
0.0348837   2.778519e-9
0.0406977   3.602398e-9
0.0465116   4.591283e-9
0.0523256   5.743392e-9
0.0581395   6.944473e-9
0.0639535   8.310433e-9
0.0697674   9.813557e-9
0.0755814   1.181143e-8
0.0813954   1.473552e-8
0.0872093   1.582440e-8
0.0930233   2.009398e-8
0.0988372   2.061786e-8
0.1046512   2.617801e-8
0.1104651   2.965295e-8
0.1162791   3.063901e-8
0.122093   3.210700e-8
0.127907   4.194404e-8
0.1337209   4.507558e-8
0.1395349   4.736749e-8
0.1453488   5.677653e-8
0.1511628   5.404619e-8
0.1569767   5.797197e-8
0.1627907   5.411840e-8
0.1686047   6.790891e-8
0.1744186   7.408973e-8
0.1802326   8.006699e-8
0.1860465   7.973470e-8
0.1918605   9.052201e-8
0.1976744   8.420926e-8
0.2034884   9.735334e-8
0.2093023   1.052992e-7
0.2151163   9.462608e-8
0.2209302   1.185761e-7
0.2267442   1.242446e-7
0.2325581   1.560691e-7
0.2383721   1.086086e-7
0.244186   1.533983e-7
0.25   1.442952e-7
0.255814   1.656529e-7
0.2616279   1.271944e-7
0.2674419   1.943954e-7
0.2732558   1.943954e-7
0.2790698   1.900257e-7
0.2848837   2.248326e-7
0.2906977   2.227557e-7
0.2965116   2.091718e-7
0.3023256   2.290456e-7
0.3081395   2.290456e-7
0.3139535   2.365072e-7
0.3197674   2.365072e-7
0.3255814   2.316039e-7
0.3313954   2.669313e-7
0.3372093   3.292619e-7
0.3430233   3.181250e-7
0.3488372   3.181250e-7
0.3546512   2.992443e-7
0.3604651   3.422083e-7
0.3662791   3.517415e-7
0.372093   3.517415e-7
0.377907   3.639923e-7
0.3837209   3.781647e-7
0.3895349   3.781647e-7
0.3953488   4.474093e-7
0.4011628   4.411918e-7
0.4069767   4.411918e-7
0.4127907   3.526318e-7
0.4186046   3.526318e-7
0.4244186   5.272735e-7
0.4302326   5.272735e-7
0.4360465   5.046847e-7
0.4418605   4.072998e-7
0.4476744   4.072998e-7
0.4534884   5.951245e-7
0.4593023   5.951245e-7
0.4651163   5.285140e-7
0.4709302   6.381142e-7
0.4767442   6.068295e-7
0.4825581   6.068295e-7
0.4883721   6.985097e-7
0.494186   5.964376e-7
0.5   5.964376e-7
0.505814   6.987568e-7
0.5116279   7.443734e-7
0.5174419   7.443734e-7
0.5232558   7.508687e-7
0.5290698   7.508687e-7
0.5348837   8.339204e-7
0.5406977   8.135473e-7
0.5465117   8.135473e-7
0.5523256   8.479402e-7
0.5581396   8.479402e-7
0.5639535   8.646308e-7
0.5697674   9.078740e-7
0.5755814   9.078740e-7
0.5813953   9.083234e-7
0.5872093   9.083234e-7
0.5930232   9.083234e-7
0.5988372   9.936073e-7
0.6046512   9.936073e-7
0.6104651   1.031376e-6
0.6162791   1.031376e-6
0.622093   1.037271e-6
0.627907   1.037271e-6
0.6337209   1.037271e-6
0.6395349   1.020841e-6
0.6453488   1.020841e-6
0.6511628   1.020841e-6
0.6569768   1.082350e-6
0.6627907   1.082350e-6
0.6686047   1.201780e-6
0.6744186   1.201780e-6
0.6802326   1.201780e-6
0.6860465   1.201780e-6
0.6918604   1.135867e-6
0.6976744   1.135867e-6
0.7034883   1.135867e-6
0.7093023   1.135867e-6
0.7151163   1.378646e-6
0.7209302   1.378646e-6
0.7267442   1.378646e-6
0.7325581   1.378646e-6
0.7383721   1.308525e-6
0.744186   1.308525e-6
0.75   1.308525e-6
0.755814   1.308525e-6
0.7616279   1.308525e-6
0.7674419   2.024880e-6
0.7732558   2.024880e-6
0.7790698   1.559775e-6
0.7848837   1.559775e-6
0.7906977   1.559775e-6
0.7965117   1.559775e-6
0.8023256   1.559775e-6
0.8081396   1.997402e-6
0.8139535   1.997402e-6
0.8197674   1.984012e-6
0.8255814   1.984012e-6
0.8313953   1.984012e-6
0.8372093   1.984012e-6
0.8430232   1.984012e-6
0.8488372   2.148734e-6
0.8546512   2.515928e-6
0.8604651   2.357436e-6
0.8662791   2.357436e-6
0.872093   2.357436e-6
0.877907   2.357436e-6
0.8837209   2.985826e-6
0.8895349   2.752038e-6
0.8953488   2.219714e-6
0.9011628   2.219714e-6
0.9069768   2.219714e-6
0.9127907   2.219714e-6
0.9186047   2.219714e-6
0.9244186   2.954102e-6
0.9302326   2.954102e-6
0.9360465   2.954102e-6
0.9418604   2.997160e-6
0.9476744   2.997160e-6
0.9534883   2.997160e-6
0.9593023   2.997160e-6
0.9651163   2.484573e-6
0.9709302   2.484573e-6
0.9767442   2.484573e-6
0.9825581   2.484573e-6
0.9883721   2.739983e-6
0.994186   2.739983e-6
1   2.739983e-6
