0   5.238878e-7
0.005814   5.985474e-7
0.0116279   7.075100e-7
0.0174419   8.576295e-7
0.0232558   1.049022e-6
0.0290698   1.282756e-6
0.0348837   1.554048e-6
0.0406977   1.863093e-6
0.0465116   2.208654e-6
0.0523256   2.582790e-6
0.0581395   2.950976e-6
0.0639535   3.349864e-6
0.0697674   3.765660e-6
0.0755814   4.294553e-6
0.0813954   5.089827e-6
0.0872093   5.278788e-6
0.0930233   6.422088e-6
0.0988372   6.370945e-6
0.1046512   7.828186e-6
0.1104651   8.835930e-6
0.1162791   8.498380e-6
0.122093   8.813514e-6
0.127907   0.0000111
0.1337209   0.0000116
0.1395349   0.0000119
0.1453488   0.0000142
0.1511628   0.0000129
0.1569767   0.0000136
0.1627907   0.0000123
0.1686047   0.0000153
0.1744186   0.0000162
0.1802326   0.0000173
0.1860465   0.0000168
0.1918605   0.0000191
0.1976744   0.0000171
0.2034884   0.0000199
0.2093023   0.0000212
0.2151163   0.0000186
0.2209302   0.0000231
0.2267442   0.0000235
0.2325581   0.0000289
0.2383721   0.00002
0.244186   0.000028
0.25   0.0000259
0.255814   0.0000298
0.2616279   0.0000225
0.2674419   0.0000336
0.2732558   0.0000336
0.2790698   0.0000326
0.2848837   0.0000376
0.2906977   0.0000375
0.2965116   0.0000344
0.3023256   0.0000372
0.3081395   0.0000372
0.3139535   0.0000378
0.3197674   0.0000378
0.3255814   0.0000369
0.3313954   0.0000417
0.3372093   0.0000511
0.3430233   0.0000488
0.3488372   0.0000488
0.3546512   0.0000451
0.3604651   0.0000517
0.3662791   0.0000527
0.372093   0.0000527
0.377907   0.0000537
0.3837209   0.0000552
0.3895349   0.0000552
0.3953488   0.0000637
0.4011628   0.0000624
0.4069767   0.0000624
0.4127907   0.0000499
0.4186046   0.0000499
0.4244186   0.000074
0.4302326   0.000074
0.4360465   0.0000696
0.4418605   0.0000558
0.4476744   0.0000558
0.4534884   0.0000806
0.4593023   0.0000806
0.4651163   0.0000716
0.4709302   0.0000852
0.4767442   0.0000805
0.4825581   0.0000805
0.4883721   0.0000922
0.494186   0.0000777
0.5   0.0000777
0.505814   0.000091
0.5116279   0.000096
0.5174419   0.000096
0.5232558   0.0000957
0.5290698   0.0000957
0.5348837   0.0001064
0.5406977   0.0001029
0.5465117   0.0001029
0.5523256   0.0001061
0.5581396   0.0001061
0.5639535   0.0001078
0.5697674   0.0001123
0.5755814   0.0001123
0.5813953   0.0001113
0.5872093   0.0001113
0.5930232   0.0001113
0.5988372   0.0001207
0.6046512   0.0001207
0.6104651   0.0001244
0.6162791   0.0001244
0.622093   0.0001243
0.627907   0.0001243
0.6337209   0.0001243
0.6395349   0.000121
0.6453488   0.000121
0.6511628   0.000121
0.6569768   0.0001267
0.6627907   0.0001267
0.6686047   0.0001399
0.6744186   0.0001399
0.6802326   0.0001399
0.6860465   0.0001399
0.6918604   0.0001334
0.6976744   0.0001334
0.7034883   0.0001334
0.7093023   0.0001334
0.7151163   0.0001562
0.7209302   0.0001562
0.7267442   0.0001562
0.7325581   0.0001562
0.7383721   0.000147
0.744186   0.000147
0.75   0.000147
0.755814   0.000147
0.7616279   0.000147
0.7674419   0.0002261
0.7732558   0.0002261
0.7790698   0.0001731
0.7848837   0.0001731
0.7906977   0.0001731
0.7965117   0.0001731
0.8023256   0.0001731
0.8081396   0.0002198
0.8139535   0.0002198
0.8197674   0.0002159
0.8255814   0.0002159
0.8313953   0.0002159
0.8372093   0.0002159
0.8430232   0.0002159
0.8488372   0.0002349
0.8546512   0.0002733
0.8604651   0.000249
0.8662791   0.000249
0.872093   0.000249
0.877907   0.000249
0.8837209   0.0003273
0.8895349   0.0002903
0.8953488   0.0002356
0.9011628   0.0002356
0.9069768   0.0002356
0.9127907   0.0002356
0.9186047   0.0002356
0.9244186   0.0003144
0.9302326   0.0003144
0.9360465   0.0003144
0.9418604   0.0003179
0.9476744   0.0003179
0.9534883   0.0003179
0.9593023   0.0003179
0.9651163   0.0002602
0.9709302   0.0002602
0.9767442   0.0002602
0.9825581   0.0002602
0.9883721   0.000283
0.994186   0.000283
1   0.000283
