0   512.0855
0.005814   433.0247
0.0116279   350.5806
0.0174419   274.6781
0.0232558   212.5908
0.0290698   164.704
0.0348837   129.0673
0.0406977   102.5765
0.0465116   82.65834
0.0523256   67.6856
0.0581395   114.1942
0.0639535   48.62251
0.0697674   83.70004
0.0755814   35.42056
0.0813954   97.63293
0.0872093   54.24932
0.0930233   105.5796
0.0988372   63.78293
0.1046512   131.6338
0.1104651   90.19387
0.1162791   43.25209
0.122093   80.65592
0.127907   134.7414
0.1337209   86.64126
0.1395349   115.5437
0.1453488   31.30977
0.1511628   43.86258
0.1569767   113.7065
0.1627907   84.69116
0.1686047   73.85075
0.1744186   92.81835
0.1802326   74.15128
0.1860465   57.10178
0.1918605   39.42666
0.1976744   67.79366
0.2034884   82.93967
0.2093023   101.4844
0.2151163   98.43237
0.2209302   36.01894
0.2267442   89.93076
0.2325581   113.2784
0.2383721   54.72549
0.244186   78.90837
0.25   70.24223
0.255814   91.49943
0.2616279   54.16208
0.2674419   91.56609
0.2732558   91.56609
0.2790698   82.88417
0.2848837   83.6721
0.2906977   81.56782
0.2965116   75.50527
0.3023256   98.6234
0.3081395   98.6234
0.3139535   78.68359
0.3197674   78.68359
0.3255814   77.04521
0.3313954   72.02222
0.3372093   88.87315
0.3430233   70.79994
0.3488372   70.79994
0.3546512   63.60569
0.3604651   73.31097
0.3662791   92.22526
0.372093   92.22526
0.377907   84.94748
0.3837209   112.0088
0.3895349   112.0088
0.3953488   144.1499
0.4011628   96.93975
0.4069767   96.93975
0.4127907   64.61861
0.4186046   64.61861
0.4244186   129.0634
0.4302326   129.0634
0.4360465   72.58088
0.4418605   48.81258
0.4476744   48.81258
0.4534884   115.013
0.4593023   115.013
0.4651163   73.05018
0.4709302   69.75939
0.4767442   56.35191
0.4825581   56.35191
0.4883721   92.26357
0.494186   42.82603
0.5   42.82603
0.505814   83.23766
0.5116279   76.07008
0.5174419   76.07008
0.5232558   99.87368
0.5290698   99.87368
0.5348837   80.6523
0.5406977   79.61142
0.5465117   79.61142
0.5523256   83.78999
0.5581396   83.78999
0.5639535   68.36593
0.5697674   81.11691
0.5755814   81.11691
0.5813953   104.8226
0.5872093   104.8226
0.5930232   104.8226
0.5988372   101.4831
0.6046512   101.4831
0.6104651   70.22596
0.6162791   70.22596
0.622093   91.49184
0.627907   91.49184
0.6337209   91.49184
0.6395349   100.6158
0.6453488   100.6158
0.6511628   100.6158
0.6569768   82.19511
0.6627907   82.19511
0.6686047   84.0884
0.6744186   84.0884
0.6802326   84.0884
0.6860465   84.0884
0.6918604   107.876
0.6976744   107.876
0.7034883   107.876
0.7093023   107.876
0.7151163   103.7502
0.7209302   103.7502
0.7267442   103.7502
0.7325581   103.7502
0.7383721   103.6401
0.744186   103.6401
0.75   103.6401
0.755814   103.6401
0.7616279   103.6401
0.7674419   146.1202
0.7732558   146.1202
0.7790698   95.77191
0.7848837   95.77191
0.7906977   95.77191
0.7965117   95.77191
0.8023256   95.77191
0.8081396   136.511
0.8139535   136.511
0.8197674   75.68529
0.8255814   75.68529
0.8313953   75.68529
0.8372093   75.68529
0.8430232   75.68529
0.8488372   94.49754
0.8546512   92.6412
0.8604651   81.4887
0.8662791   81.4887
0.872093   81.4887
0.877907   81.4887
0.8837209   90.04681
0.8895349   114.9071
0.8953488   81.23843
0.9011628   81.23843
0.9069768   81.23843
0.9127907   81.23843
0.9186047   81.23843
0.9244186   119.7838
0.9302326   119.7838
0.9360465   119.7838
0.9418604   139.0454
0.9476744   139.0454
0.9534883   139.0454
0.9593023   139.0454
0.9651163   64.66936
0.9709302   64.66936
0.9767442   64.66936
0.9825581   64.66936
0.9883721   59.10305
0.994186   59.10305
1   59.10305
