0   5.829112e+24
0.005814   4.928084e+24
0.0116279   3.989351e+24
0.0174419   3.125090e+24
0.0232558   2.418079e+24
0.0290698   1.873373e+24
0.0348837   1.467999e+24
0.0406977   1.166447e+24
0.0465116   9.404894e+23
0.0523256   7.699092e+23
0.0581395   6.498452e+23
0.0639535   5.533522e+23
0.0697674   4.761099e+23
0.0755814   4.032202e+23
0.0813954   3.421596e+23
0.0872093   3.085097e+23
0.0930233   2.667495e+23
0.0988372   2.414936e+23
0.1046512   2.133312e+23
0.1104651   1.705783e+23
0.1162791   1.640305e+23
0.122093   1.655992e+23
0.127907   1.421283e+23
0.1337209   1.348128e+23
0.1395349   1.241498e+23
0.1453488   1.042854e+23
0.1511628   1.034993e+23
0.1569767   9.252731e+22
0.1627907   8.306441e+22
0.1686047   8.150986e+22
0.1744186   8.224192e+22
0.1802326   7.319939e+22
0.1860465   6.992776e+22
0.1918605   6.376718e+22
0.1976744   6.019659e+22
0.2034884   5.628900e+22
0.2093023   5.379198e+22
0.2151163   5.138467e+22
0.2209302   4.822981e+22
0.2267442   4.556589e+22
0.2325581   4.546729e+22
0.2383721   4.000659e+22
0.244186   3.987246e+22
0.25   3.715177e+22
0.255814   3.537973e+22
0.2616279   3.184360e+22
0.2674419   3.188265e+22
0.2732558   3.188265e+22
0.2790698   3.052020e+22
0.2848837   2.969574e+22
0.2906977   2.571437e+22
0.2965116   2.934638e+22
0.3023256   2.617754e+22
0.3081395   2.617754e+22
0.3139535   2.323719e+22
0.3197674   2.323719e+22
0.3255814   2.153047e+22
0.3313954   2.071168e+22
0.3372093   2.086635e+22
0.3430233   1.983269e+22
0.3488372   1.983269e+22
0.3546512   1.898327e+22
0.3604651   1.718085e+22
0.3662791   1.675072e+22
0.372093   1.675072e+22
0.377907   1.698954e+22
0.3837209   1.579577e+22
0.3895349   1.579577e+22
0.3953488   1.533814e+22
0.4011628   1.452875e+22
0.4069767   1.452875e+22
0.4127907   1.365868e+22
0.4186046   1.365868e+22
0.4244186   1.286859e+22
0.4302326   1.286859e+22
0.4360465   1.223009e+22
0.4418605   1.191972e+22
0.4476744   1.191972e+22
0.4534884   1.111598e+22
0.4593023   1.111598e+22
0.4651163   1.037170e+22
0.4709302   1.028166e+22
0.4767442   9.952884e+21
0.4825581   9.952884e+21
0.4883721   9.741392e+21
0.494186   9.825051e+21
0.5   9.825051e+21
0.505814   8.727007e+21
0.5116279   8.691092e+21
0.5174419   8.691092e+21
0.5232558   8.548953e+21
0.5290698   8.548953e+21
0.5348837   7.778035e+21
0.5406977   7.685174e+21
0.5465117   7.685174e+21
0.5523256   7.491708e+21
0.5581396   7.491708e+21
0.5639535   7.082492e+21
0.5697674   6.937047e+21
0.5755814   6.937047e+21
0.5813953   6.387801e+21
0.5872093   6.387801e+21
0.5930232   6.387801e+21
0.5988372   6.362324e+21
0.6046512   6.362324e+21
0.6104651   5.969627e+21
0.6162791   5.969627e+21
0.622093   5.661866e+21
0.627907   5.661866e+21
0.6337209   5.661866e+21
0.6395349   5.277580e+21
0.6453488   5.277580e+21
0.6511628   5.277580e+21
0.6569768   5.448131e+21
0.6627907   5.448131e+21
0.6686047   4.737916e+21
0.6744186   4.737916e+21
0.6802326   4.737916e+21
0.6860465   4.737916e+21
0.6918604   4.321983e+21
0.6976744   4.321983e+21
0.7034883   4.321983e+21
0.7093023   4.321983e+21
0.7151163   4.307774e+21
0.7209302   4.307774e+21
0.7267442   4.307774e+21
0.7325581   4.307774e+21
0.7383721   3.977361e+21
0.744186   3.977361e+21
0.75   3.977361e+21
0.755814   3.977361e+21
0.7616279   3.977361e+21
0.7674419   3.780877e+21
0.7732558   3.780877e+21
0.7790698   3.602657e+21
0.7848837   3.602657e+21
0.7906977   3.602657e+21
0.7965117   3.602657e+21
0.8023256   3.602657e+21
0.8081396   3.358464e+21
0.8139535   3.358464e+21
0.8197674   3.114451e+21
0.8255814   3.114451e+21
0.8313953   3.114451e+21
0.8372093   3.114451e+21
0.8430232   3.114451e+21
0.8488372   3.341443e+21
0.8546512   2.925815e+21
0.8604651   3.160505e+21
0.8662791   3.160505e+21
0.872093   3.160505e+21
0.877907   3.160505e+21
0.8837209   2.718007e+21
0.8895349   2.844849e+21
0.8953488   2.451047e+21
0.9011628   2.451047e+21
0.9069768   2.451047e+21
0.9127907   2.451047e+21
0.9186047   2.451047e+21
0.9244186   2.756841e+21
0.9302326   2.756841e+21
0.9360465   2.756841e+21
0.9418604   2.443046e+21
0.9476744   2.443046e+21
0.9534883   2.443046e+21
0.9593023   2.443046e+21
0.9651163   2.297862e+21
0.9709302   2.297862e+21
0.9767442   2.297862e+21
0.9825581   2.297862e+21
0.9883721   2.176067e+21
0.994186   2.176067e+21
1   2.176067e+21
