0   771.1636
0.005814   876.085
0.0116279   979.5177
0.0174419   1071.327
0.0232558   1146.85
0.0290698   1205.612
0.0348837   1251.106
0.0406977   1286.058
0.0465116   1313.225
0.0523256   1334.658
0.0581395   1350.504
0.0639535   1363.665
0.0697674   1374.505
0.0755814   1385.387
0.0813954   1393.65
0.0872093   1400.578
0.0930233   1406.42
0.0988372   1409.266
0.1046512   1417.517
0.1104651   1423.738
0.1162791   1417.784
0.122093   1427.745
0.127907   1427.954
0.1337209   1434.352
0.1395349   1435.406
0.1453488   1452.866
0.1511628   1438.342
0.1569767   1430.912
0.1627907   1440.589
0.1686047   1443.795
0.1744186   1443.039
0.1802326   1445.252
0.1860465   1444.768
0.1918605   1448.344
0.1976744   1443.137
0.2034884   1453.109
0.2093023   1451.14
0.2151163   1449.226
0.2209302   1450.524
0.2267442   1453.477
0.2325581   1451.28
0.2383721   1450.562
0.244186   1455.667
0.25   1454.459
0.255814   1464.227
0.2616279   1456.183
0.2674419   1458.47
0.2732558   1458.47
0.2790698   1452.507
0.2848837   1460.514
0.2906977   1454.894
0.2965116   1461.974
0.3023256   1462.315
0.3081395   1462.315
0.3139535   1458.406
0.3197674   1458.406
0.3255814   1459.875
0.3313954   1456.383
0.3372093   1462.446
0.3430233   1462.79
0.3488372   1462.79
0.3546512   1461.197
0.3604651   1458.546
0.3662791   1463.594
0.372093   1463.594
0.377907   1464.76
0.3837209   1464.48
0.3895349   1464.48
0.3953488   1465.318
0.4011628   1462.795
0.4069767   1462.795
0.4127907   1464.608
0.4186046   1464.608
0.4244186   1466.336
0.4302326   1466.336
0.4360465   1463.548
0.4418605   1465.21
0.4476744   1465.21
0.4534884   1464.989
0.4593023   1464.989
0.4651163   1463.474
0.4709302   1465.979
0.4767442   1466.456
0.4825581   1466.456
0.4883721   1466.039
0.494186   1466.542
0.5   1466.542
0.505814   1465.288
0.5116279   1466.546
0.5174419   1466.546
0.5232558   1466.501
0.5290698   1466.501
0.5348837   1465.876
0.5406977   1466.65
0.5465117   1466.65
0.5523256   1467.719
0.5581396   1467.719
0.5639535   1466.079
0.5697674   1467.853
0.5755814   1467.853
0.5813953   1467.887
0.5872093   1467.887
0.5930232   1467.887
0.5988372   1466.797
0.6046512   1466.797
0.6104651   1470.131
0.6162791   1470.131
0.622093   1470.047
0.627907   1470.047
0.6337209   1470.047
0.6395349   1468.318
0.6453488   1468.318
0.6511628   1468.318
0.6569768   1470.632
0.6627907   1470.632
0.6686047   1467.043
0.6744186   1467.043
0.6802326   1467.043
0.6860465   1467.043
0.6918604   1470.932
0.6976744   1470.932
0.7034883   1470.932
0.7093023   1470.932
0.7151163   1472.605
0.7209302   1472.605
0.7267442   1472.605
0.7325581   1472.605
0.7383721   1473.587
0.744186   1473.587
0.75   1473.587
0.755814   1473.587
0.7616279   1473.587
0.7674419   1468.155
0.7732558   1468.155
0.7790698   1472.333
0.7848837   1472.333
0.7906977   1472.333
0.7965117   1472.333
0.8023256   1472.333
0.8081396   1466.812
0.8139535   1466.812
0.8197674   1471.454
0.8255814   1471.454
0.8313953   1471.454
0.8372093   1471.454
0.8430232   1471.454
0.8488372   1469.604
0.8546512   1470.749
0.8604651   1467.626
0.8662791   1467.626
0.872093   1467.626
0.877907   1467.626
0.8837209   1474.45
0.8895349   1471.098
0.8953488   1469.01
0.9011628   1469.01
0.9069768   1469.01
0.9127907   1469.01
0.9186047   1469.01
0.9244186   1472.715
0.9302326   1472.715
0.9360465   1472.715
0.9418604   1465.504
0.9476744   1465.504
0.9534883   1465.504
0.9593023   1465.504
0.9651163   1469.542
0.9709302   1469.542
0.9767442   1469.542
0.9825581   1469.542
0.9883721   1467.54
0.994186   1467.54
1   1467.54
