0   153.086
0.005814   136.548
0.0116279   118.0241
0.0174419   99.72373
0.0232558   83.43295
0.0290698   69.9502
0.0348837   59.17168
0.0406977   50.5938
0.0465116   43.77223
0.0523256   38.2519
0.0581395   34.15578
0.0639535   30.73396
0.0697674   27.851
0.0755814   25.0059
0.0813954   22.56765
0.0872093   21.0487
0.0930233   19.32111
0.0988372   18.0606
0.1046512   16.91456
0.1104651   16.79501
0.1162791   14.55239
0.122093   14.25313
0.127907   13.27504
0.1337209   12.52653
0.1395349   11.95128
0.1453488   11.79576
0.1511628   10.80166
0.1569767   10.42826
0.1627907   9.793308
0.1686047   9.552339
0.1744186   9.08726
0.1802326   8.817548
0.1860465   8.375726
0.1918605   8.412208
0.1976744   7.821165
0.2034884   7.89704
0.2093023   7.64109
0.2151163   7.304461
0.2209302   7.20303
0.2267442   6.7845
0.2325581   6.507811
0.2383721   6.427137
0.244186   6.323843
0.25   6.10853
0.255814   6.140062
0.2616279   5.942606
0.2674419   5.634751
0.2732558   5.634751
0.2790698   5.578228
0.2848837   5.28626
0.2906977   5.359795
0.2965116   5.1073
0.3023256   4.987831
0.3081395   4.987831
0.3139535   4.826948
0.3197674   4.826948
0.3255814   4.806649
0.3313954   4.607833
0.3372093   4.559517
0.3430233   4.457527
0.3488372   4.457527
0.3546512   4.287206
0.3604651   4.319198
0.3662791   4.250816
0.372093   4.250816
0.377907   4.116954
0.3837209   4.026474
0.3895349   4.026474
0.3953488   3.840001
0.4011628   3.778438
0.4069767   3.778438
0.4127907   3.788838
0.4186046   3.788838
0.4244186   3.724551
0.4302326   3.724551
0.4360465   3.601769
0.4418605   3.548416
0.4476744   3.548416
0.4534884   3.473699
0.4593023   3.473699
0.4651163   3.467258
0.4709302   3.375552
0.4767442   3.326423
0.4825581   3.326423
0.4883721   3.296749
0.494186   3.21386
0.5   3.21386
0.505814   3.210356
0.5116279   3.14899
0.5174419   3.14899
0.5232558   3.069852
0.5290698   3.069852
0.5348837   3.079694
0.5406977   3.028483
0.5465117   3.028483
0.5523256   2.95906
0.5581396   2.95906
0.5639535   2.938243
0.5697674   2.891654
0.5755814   2.891654
0.5813953   2.838855
0.5872093   2.838855
0.5930232   2.838855
0.5988372   2.789104
0.6046512   2.789104
0.6104651   2.75293
0.6162791   2.75293
0.622093   2.714765
0.627907   2.714765
0.6337209   2.714765
0.6395349   2.658238
0.6453488   2.658238
0.6511628   2.658238
0.6569768   2.593267
0.6627907   2.593267
0.6686047   2.561824
0.6744186   2.561824
0.6802326   2.561824
0.6860465   2.561824
0.6918604   2.607683
0.6976744   2.607683
0.7034883   2.607683
0.7093023   2.607683
0.7151163   2.427372
0.7209302   2.427372
0.7267442   2.427372
0.7325581   2.427372
0.7383721   2.388119
0.744186   2.388119
0.75   2.388119
0.755814   2.388119
0.7616279   2.388119
0.7674419   2.358516
0.7732558   2.358516
0.7790698   2.329237
0.7848837   2.329237
0.7906977   2.329237
0.7965117   2.329237
0.8023256   2.329237
0.8081396   2.29076
0.8139535   2.29076
0.8197674   2.239226
0.8255814   2.239226
0.8313953   2.239226
0.8372093   2.239226
0.8430232   2.239226
0.8488372   2.260067
0.8546512   2.231959
0.8604651   2.110454
0.8662791   2.110454
0.872093   2.110454
0.877907   2.110454
0.8837209   2.273264
0.8895349   2.105448
0.8953488   2.130839
0.9011628   2.130839
0.9069768   2.130839
0.9127907   2.130839
0.9186047   2.130839
0.9244186   2.142673
0.9302326   2.142673
0.9360465   2.142673
0.9418604   2.128302
0.9476744   2.128302
0.9534883   2.128302
0.9593023   2.128302
0.9651163   2.074578
0.9709302   2.074578
0.9767442   2.074578
0.9825581   2.074578
0.9883721   2.018122
0.994186   2.018122
1   2.018122
