0   150.7023
0.005814   134.3251
0.0116279   116.0752
0.0174419   98.16382
0.0232558   82.31978
0.0290698   69.24554
0.0348837   58.87826
0.0406977   50.62839
0.0465116   44.12926
0.0523256   38.85537
0.0581395   34.96949
0.0639535   31.73128
0.0697674   28.98446
0.0755814   26.29942
0.0813954   24.00998
0.0872093   22.57854
0.0930233   21.0064
0.0988372   19.873
0.1046512   18.952
0.1104651   20.68757
0.1162791   16.69988
0.122093   16.28845
0.127907   15.77157
0.1337209   14.89543
0.1395349   14.26249
0.1453488   15.17031
0.1511628   13.16622
0.1569767   12.95368
0.1627907   12.40391
0.1686047   12.41686
0.1744186   11.34552
0.1802326   11.34828
0.1860465   10.6673
0.1918605   11.18218
0.1976744   10.26365
0.2034884   10.71035
0.2093023   10.34206
0.2151163   9.770223
0.2209302   10.02636
0.2267442   9.218511
0.2325581   8.70996
0.2383721   8.883802
0.244186   8.769667
0.25   8.544909
0.255814   8.943409
0.2616279   8.486374
0.2674419   8.082544
0.2732558   8.082544
0.2790698   8.178023
0.2848837   7.700754
0.2906977   8.045724
0.2965116   7.457038
0.3023256   7.42134
0.3081395   7.42134
0.3139535   7.287411
0.3197674   7.287411
0.3255814   7.435718
0.3313954   7.104955
0.3372093   7.050051
0.3430233   6.964726
0.3488372   6.964726
0.3546512   6.704788
0.3604651   6.934082
0.3662791   6.871294
0.372093   6.871294
0.377907   6.660432
0.3837209   6.5344
0.3895349   6.5344
0.3953488   6.193281
0.4011628   6.205595
0.4069767   6.205595
0.4127907   6.379504
0.4186046   6.379504
0.4244186   6.310507
0.4302326   6.310507
0.4360465   6.110649
0.4418605   6.04944
0.4476744   6.04944
0.4534884   5.968468
0.4593023   5.968468
0.4651163   6.074914
0.4709302   5.89608
0.4767442   5.815667
0.4825581   5.815667
0.4883721   5.795155
0.494186   5.670802
0.5   5.670802
0.505814   5.745042
0.5116279   5.644547
0.5174419   5.644547
0.5232558   5.494109
0.5290698   5.494109
0.5348837   5.613621
0.5406977   5.547462
0.5465117   5.547462
0.5523256   5.418272
0.5581396   5.418272
0.5639535   5.438
0.5697674   5.367742
0.5755814   5.367742
0.5813953   5.289583
0.5872093   5.289583
0.5930232   5.289583
0.5988372   5.257163
0.6046512   5.257163
0.6104651   5.22102
0.6162791   5.22102
0.622093   5.173748
0.627907   5.173748
0.6337209   5.173748
0.6395349   5.116395
0.6453488   5.116395
0.6511628   5.116395
0.6569768   5.015401
0.6627907   5.015401
0.6686047   5.006065
0.6744186   5.006065
0.6802326   5.006065
0.6860465   5.006065
0.6918604   5.244983
0.6976744   5.244983
0.7034883   5.244983
0.7093023   5.244983
0.7151163   4.804607
0.7209302   4.804607
0.7267442   4.804607
0.7325581   4.804607
0.7383721   4.803099
0.744186   4.803099
0.75   4.803099
0.755814   4.803099
0.7616279   4.803099
0.7674419   4.796282
0.7732558   4.796282
0.7790698   4.771294
0.7848837   4.771294
0.7906977   4.771294
0.7965117   4.771294
0.8023256   4.771294
0.8081396   4.736544
0.8139535   4.736544
0.8197674   4.631722
0.8255814   4.631722
0.8313953   4.631722
0.8372093   4.631722
0.8430232   4.631722
0.8488372   4.741306
0.8546512   4.707797
0.8604651   4.374198
0.8662791   4.374198
0.872093   4.374198
0.877907   4.374198
0.8837209   4.894845
0.8895349   4.436028
0.8953488   4.545514
0.9011628   4.545514
0.9069768   4.545514
0.9127907   4.545514
0.9186047   4.545514
0.9244186   4.631669
0.9302326   4.631669
0.9360465   4.631669
0.9418604   4.624548
0.9476744   4.624548
0.9534883   4.624548
0.9593023   4.624548
0.9651163   4.523847
0.9709302   4.523847
0.9767442   4.523847
0.9825581   4.523847
0.9883721   4.415321
0.994186   4.415321
1   4.415321
