0   154.1547
0.005814   137.6069
0.0116279   118.9918
0.0174419   100.5808
0.0232558   84.09566
0.0290698   70.38446
0.0348837   59.39804
0.0406977   50.63118
0.0465116   43.63607
0.0523256   37.97029
0.0581395   33.74938
0.0639535   30.23907
0.0697674   27.28594
0.0755814   24.37895
0.0813954   21.84524
0.0872093   20.25513
0.0930233   18.50073
0.0988372   17.10044
0.1046512   15.89258
0.1104651   14.8812
0.1162791   13.47633
0.122093   13.31578
0.127907   12.09052
0.1337209   11.38771
0.1395349   10.81806
0.1453488   10.14301
0.1511628   9.673029
0.1569767   9.248919
0.1627907   8.513182
0.1686047   8.152869
0.1744186   7.996728
0.1802326   7.566326
0.1860465   7.226156
0.1918605   7.041928
0.1976744   6.620367
0.2034884   6.520781
0.2093023   6.31283
0.2151163   6.110555
0.2209302   5.802028
0.2267442   5.581792
0.2325581   5.446959
0.2383721   5.20609
0.244186   5.133382
0.25   4.910042
0.255814   4.785898
0.2616279   4.692564
0.2674419   4.438085
0.2732558   4.438085
0.2790698   4.28736
0.2848837   4.101575
0.2906977   4.055637
0.2965116   3.953418
0.3023256   3.784558
0.3081395   3.784558
0.3139535   3.612751
0.3197674   3.612751
0.3255814   3.536166
0.3313954   3.378111
0.3372093   3.349236
0.3430233   3.23016
0.3488372   3.23016
0.3546512   3.094701
0.3604651   3.04124
0.3662791   2.973543
0.372093   2.973543
0.377907   2.862509
0.3837209   2.801352
0.3895349   2.801352
0.3953488   2.693738
0.4011628   2.589519
0.4069767   2.589519
0.4127907   2.501439
0.4186046   2.501439
0.4244186   2.455158
0.4302326   2.455158
0.4360465   2.365465
0.4418605   2.307801
0.4476744   2.307801
0.4534884   2.246502
0.4593023   2.246502
0.4651163   2.176359
0.4709302   2.13617
0.4767442   2.099897
0.4825581   2.099897
0.4883721   2.069393
0.494186   1.991538
0.5   1.991538
0.505814   1.96107
0.5116279   1.919551
0.5174419   1.919551
0.5232558   1.878023
0.5290698   1.878023
0.5348837   1.833113
0.5406977   1.78584
0.5465117   1.78584
0.5523256   1.746042
0.5581396   1.746042
0.5639535   1.70462
0.5697674   1.670421
0.5755814   1.670421
0.5813953   1.630718
0.5872093   1.630718
0.5930232   1.630718
0.5988372   1.56945
0.6046512   1.56945
0.6104651   1.534805
0.6162791   1.534805
0.622093   1.500699
0.627907   1.500699
0.6337209   1.500699
0.6395349   1.444183
0.6453488   1.444183
0.6511628   1.444183
0.6569768   1.394372
0.6627907   1.394372
0.6686047   1.352712
0.6744186   1.352712
0.6802326   1.352712
0.6860465   1.352712
0.6918604   1.303198
0.6976744   1.303198
0.7034883   1.303198
0.7093023   1.303198
0.7151163   1.248194
0.7209302   1.248194
0.7267442   1.248194
0.7325581   1.248194
0.7383721   1.19145
0.744186   1.19145
0.75   1.19145
0.755814   1.19145
0.7616279   1.19145
0.7674419   1.169923
0.7732558   1.169923
0.7790698   1.110941
0.7848837   1.110941
0.7906977   1.110941
0.7965117   1.110941
0.8023256   1.110941
0.8081396   1.097326
0.8139535   1.097326
0.8197674   1.042922
0.8255814   1.042922
0.8313953   1.042922
0.8372093   1.042922
0.8430232   1.042922
0.8488372   1.040243
0.8546512   1.016103
0.8604651   0.9876997
0.8662791   0.9876997
0.872093   0.9876997
0.877907   0.9876997
0.8837209   0.9836529
0.8895349   0.9719743
0.8953488   0.9313548
0.9011628   0.9313548
0.9069768   0.9313548
0.9127907   0.9313548
0.9186047   0.9313548
0.9244186   0.9165307
0.9302326   0.9165307
0.9360465   0.9165307
0.9418604   0.9078253
0.9476744   0.9078253
0.9534883   0.9078253
0.9593023   0.9078253
0.9651163   0.8502654
0.9709302   0.8502654
0.9767442   0.8502654
0.9825581   0.8502654
0.9883721   0.8345137
0.994186   0.8345137
1   0.8345137
