0   154.401
0.005814   137.7119
0.0116279   119.0053
0.0174419   100.4266
0.0232558   83.88339
0.0290698   70.2206
0.0348837   59.23871
0.0406977   50.52183
0.0465116   43.55133
0.0523256   37.93001
0.0581395   33.74847
0.0639535   30.23155
0.0697674   27.28259
0.0755814   24.33933
0.0813954   21.84776
0.0872093   20.31243
0.0930233   18.45617
0.0988372   17.20837
0.1046512   15.89908
0.1104651   14.81625
0.1162791   13.48094
0.122093   13.15514
0.127907   11.96306
0.1337209   11.29648
0.1395349   10.7733
0.1453488   10.07391
0.1511628   9.565736
0.1569767   9.082204
0.1627907   8.46282
0.1686047   8.0873
0.1744186   7.919527
0.1802326   7.538046
0.1860465   7.233731
0.1918605   7.012472
0.1976744   6.579463
0.2034884   6.459931
0.2093023   6.268414
0.2151163   6.032601
0.2209302   5.780742
0.2267442   5.553224
0.2325581   5.366513
0.2383721   5.191549
0.244186   5.068457
0.25   4.870625
0.255814   4.690838
0.2616279   4.648812
0.2674419   4.383567
0.2732558   4.383567
0.2790698   4.26925
0.2848837   4.05648
0.2906977   3.977992
0.2965116   3.911391
0.3023256   3.757604
0.3081395   3.757604
0.3139535   3.58065
0.3197674   3.58065
0.3255814   3.44805
0.3313954   3.340379
0.3372093   3.279212
0.3430233   3.177696
0.3488372   3.177696
0.3546512   3.062137
0.3604651   2.982286
0.3662791   2.907557
0.372093   2.907557
0.377907   2.827918
0.3837209   2.743658
0.3895349   2.743658
0.3953488   2.633003
0.4011628   2.540182
0.4069767   2.540182
0.4127907   2.485535
0.4186046   2.485535
0.4244186   2.408007
0.4302326   2.408007
0.4360465   2.329247
0.4418605   2.287972
0.4476744   2.287972
0.4534884   2.20617
0.4593023   2.20617
0.4651163   2.150476
0.4709302   2.094407
0.4767442   2.063727
0.4825581   2.063727
0.4883721   2.025664
0.494186   1.979209
0.5   1.979209
0.505814   1.924931
0.5116279   1.882844
0.5174419   1.882844
0.5232558   1.837379
0.5290698   1.837379
0.5348837   1.792382
0.5406977   1.752169
0.5465117   1.752169
0.5523256   1.712899
0.5581396   1.712899
0.5639535   1.672115
0.5697674   1.636836
0.5755814   1.636836
0.5813953   1.596259
0.5872093   1.596259
0.5930232   1.596259
0.5988372   1.54065
0.6046512   1.54065
0.6104651   1.50293
0.6162791   1.50293
0.622093   1.469885
0.627907   1.469885
0.6337209   1.469885
0.6395349   1.414082
0.6453488   1.414082
0.6511628   1.414082
0.6569768   1.370001
0.6627907   1.370001
0.6686047   1.326676
0.6744186   1.326676
0.6802326   1.326676
0.6860465   1.326676
0.6918604   1.274893
0.6976744   1.274893
0.7034883   1.274893
0.7093023   1.274893
0.7151163   1.229342
0.7209302   1.229342
0.7267442   1.229342
0.7325581   1.229342
0.7383721   1.169841
0.744186   1.169841
0.75   1.169841
0.755814   1.169841
0.7616279   1.169841
0.7674419   1.109391
0.7732558   1.109391
0.7790698   1.105501
0.7848837   1.105501
0.7906977   1.105501
0.7965117   1.105501
0.8023256   1.105501
0.8081396   1.038386
0.8139535   1.038386
0.8197674   1.043087
0.8255814   1.043087
0.8313953   1.043087
0.8372093   1.043087
0.8430232   1.043087
0.8488372   0.9986257
0.8546512   0.9719297
0.8604651   0.9695051
0.8662791   0.9695051
0.872093   0.9695051
0.877907   0.9695051
0.8837209   0.9412947
0.8895349   0.9083819
0.8953488   0.9156442
0.9011628   0.9156442
0.9069768   0.9156442
0.9127907   0.9156442
0.9186047   0.9156442
0.9244186   0.8797678
0.9302326   0.8797678
0.9360465   0.8797678
0.9418604   0.8525627
0.9476744   0.8525627
0.9534883   0.8525627
0.9593023   0.8525627
0.9651163   0.8495719
0.9709302   0.8495719
0.9767442   0.8495719
0.9825581   0.8495719
0.9883721   0.8045839
0.994186   0.8045839
1   0.8045839
