0   1.054425
0.005814   1.257894
0.0116279   1.506192
0.0174419   1.791018
0.0232558   2.097988
0.0290698   2.412623
0.0348837   2.726681
0.0406977   3.036453
0.0465116   3.338002
0.0523256   3.632094
0.0581395   3.870894
0.0639535   4.149139
0.0697674   4.419385
0.0755814   4.68277
0.0813954   4.937858
0.0872093   5.183802
0.0930233   5.42476
0.0988372   5.658969
0.1046512   5.826365
0.1104651   6.058211
0.1162791   6.31865
0.122093   6.457058
0.127907   6.704371
0.1337209   6.859156
0.1395349   7.111439
0.1453488   7.14371
0.1511628   7.361454
0.1569767   7.618241
0.1627907   7.75349
0.1686047   7.983516
0.1744186   8.140996
0.1802326   8.370376
0.1860465   8.923986
0.1918605   8.583516
0.1976744   8.756471
0.2034884   8.943545
0.2093023   8.981409
0.2151163   9.383551
0.2209302   9.453519
0.2267442   9.512714
0.2325581   9.531557
0.2383721   9.56493
0.244186   9.833988
0.25   10.01271
0.255814   10.23748
0.2616279   10.2698
0.2674419   10.5465
0.2732558   10.57845
0.2790698   10.68066
0.2848837   10.74277
0.2906977   10.83729
0.2965116   11.04966
0.3023256   11.10858
0.3081395   11.04262
0.3139535   11.0904
0.3197674   11.42133
0.3255814   11.61732
0.3313954   11.74743
0.3372093   11.62437
0.3430233   11.84202
0.3488372   11.70106
0.3546512   11.96846
0.3604651   11.93425
0.3662791   12.38919
0.372093   12.36507
0.377907   12.36841
0.3837209   12.54578
0.3895349   12.52053
0.3953488   12.47123
0.4011628   12.71093
0.4069767   12.78827
0.4127907   12.49898
0.4186046   13.01307
0.4244186   12.99343
0.4302326   12.99516
0.4360465   13.30523
0.4418605   13.03493
0.4476744   13.29733
0.4534884   13.21409
0.4593023   13.5235
0.4651163   13.65081
0.4709302   13.58105
0.4767442   13.64544
0.4825581   13.73219
0.4883721   13.7196
0.494186   13.9227
0.5   13.96678
0.505814   13.89021
0.5116279   14.11342
0.5174419   14.11342
0.5232558   14.32929
0.5290698   14.15995
0.5348837   14.28322
0.5406977   14.36361
0.5465117   14.36361
0.5523256   14.3589
0.5581396   14.51025
0.5639535   14.73444
0.5697674   14.53325
0.5755814   14.74078
0.5813953   14.86165
0.5872093   14.7838
0.5930232   14.69991
0.5988372   14.69991
0.6046512   14.81435
0.6104651   15.02903
0.6162791   14.93442
0.622093   15.21467
0.627907   15.06334
0.6337209   15.17405
0.6395349   15.17405
0.6453488   14.88891
0.6511628   15.2672
0.6569768   15.44441
0.6627907   15.56675
0.6686047   15.56675
0.6744186   15.32159
0.6802326   15.37323
0.6860465   15.37323
0.6918604   15.53672
0.6976744   15.53672
0.7034883   15.81115
0.7093023   15.60797
0.7151163   15.74491
0.7209302   15.6323
0.7267442   16.00103
0.7325581   16.00103
0.7383721   15.98306
0.744186   15.98306
0.75   16.00098
0.755814   16.06473
0.7616279   16.06473
0.7674419   16.14718
0.7732558   16.14718
0.7790698   16.07664
0.7848837   16.07664
0.7906977   16.12403
0.7965117   16.34997
0.8023256   16.12786
0.8081396   16.42152
0.8139535   16.42152
0.8197674   16.70124
0.8255814   16.58643
0.8313953   16.58643
0.8372093   16.52315
0.8430232   16.52315
0.8488372   16.59797
0.8546512   16.59797
0.8604651   16.57532
0.8662791   16.66913
0.872093   16.66913
0.877907   16.81157
0.8837209   16.81157
0.8895349   16.86135
0.8953488   16.86135
0.9011628   16.87224
0.9069768   16.87224
0.9127907   16.87224
0.9186047   17.44177
0.9244186   17.44177
0.9302326   17.44177
0.9360465   17.24647
0.9418604   17.24647
0.9476744   17.24647
0.9534883   16.79558
0.9593023   16.79558
0.9651163   17.55519
0.9709302   17.55519
0.9767442   17.14303
0.9825581   17.14303
0.9883721   17.08621
0.994186   17.08621
1   17.08621
