0   4.319829e-10
0.005814   5.262843e-10
0.0116279   6.769407e-10
0.0174419   9.090893e-10
0.0232558   1.243870e-9
0.0290698   1.699717e-9
0.0348837   2.293220e-9
0.0406977   3.039511e-9
0.0465116   3.952838e-9
0.0523256   5.041577e-9
0.0581395   6.099357e-9
0.0639535   7.544883e-9
0.0697674   9.200312e-9
0.0755814   1.105308e-8
0.0813954   1.312535e-8
0.0872093   1.540507e-8
0.0930233   1.788281e-8
0.0988372   2.061312e-8
0.1046512   2.381754e-8
0.1104651   2.681144e-8
0.1162791   2.997545e-8
0.122093   3.824390e-8
0.127907   3.707662e-8
0.1337209   3.909630e-8
0.1395349   4.397768e-8
0.1453488   4.955121e-8
0.1511628   4.422316e-8
0.1569767   5.869360e-8
0.1627907   6.901013e-8
0.1686047   5.404987e-8
0.1744186   6.590216e-8
0.1802326   9.527629e-8
0.1860465   9.425870e-8
0.1918605   8.187323e-8
0.1976744   1.068321e-7
0.2034884   1.025969e-7
0.2093023   1.189570e-7
0.2151163   1.204923e-7
0.2209302   1.016720e-7
0.2267442   1.221345e-7
0.2325581   1.424120e-7
0.2383721   1.585250e-7
0.244186   1.410423e-7
0.25   1.505330e-7
0.255814   1.575976e-7
0.2616279   1.739232e-7
0.2674419   2.104162e-7
0.2732558   1.883627e-7
0.2790698   2.074121e-7
0.2848837   2.452094e-7
0.2906977   2.027642e-7
0.2965116   2.337630e-7
0.3023256   1.972598e-7
0.3081395   2.292097e-7
0.3139535   2.186495e-7
0.3197674   2.515158e-7
0.3255814   2.874598e-7
0.3313954   2.292703e-7
0.3372093   2.355831e-7
0.3430233   3.204615e-7
0.3488372   2.749922e-7
0.3546512   3.236882e-7
0.3604651   2.910000e-7
0.3662791   3.708622e-7
0.372093   3.611482e-7
0.377907   3.769036e-7
0.3837209   3.761432e-7
0.3895349   4.062426e-7
0.3953488   4.670271e-7
0.4011628   4.520150e-7
0.4069767   4.909124e-7
0.4127907   4.209075e-7
0.4186046   4.834396e-7
0.4244186   5.298282e-7
0.4302326   5.301604e-7
0.4360465   4.547436e-7
0.4418605   5.438228e-7
0.4476744   5.722434e-7
0.4534884   6.078140e-7
0.4593023   3.982615e-7
0.4651163   5.698839e-7
0.4709302   6.607958e-7
0.4767442   6.005542e-7
0.4825581   6.648275e-7
0.4883721   7.003207e-7
0.494186   7.983528e-7
0.5   8.139984e-7
0.505814   6.474002e-7
0.5116279   6.581066e-7
0.5174419   6.581066e-7
0.5232558   7.215153e-7
0.5290698   7.506307e-7
0.5348837   8.160621e-7
0.5406977   1.007455e-6
0.5465117   1.007455e-6
0.5523256   1.068569e-6
0.5581396   9.905217e-7
0.5639535   1.039173e-6
0.5697674   1.172944e-6
0.5755814   1.079086e-6
0.5813953   1.179369e-6
0.5872093   1.232572e-6
0.5930232   1.138887e-6
0.5988372   1.138887e-6
0.6046512   1.056433e-6
0.6104651   1.141741e-6
0.6162791   1.376014e-6
0.622093   1.565375e-6
0.627907   1.278505e-6
0.6337209   1.175673e-6
0.6395349   1.175673e-6
0.6453488   1.296932e-6
0.6511628   1.636060e-6
0.6569768   1.252731e-6
0.6627907   1.616693e-6
0.6686047   1.616693e-6
0.6744186   1.714158e-6
0.6802326   1.621695e-6
0.6860465   1.621695e-6
0.6918604   1.736901e-6
0.6976744   1.736901e-6
0.7034883   1.901768e-6
0.7093023   2.038147e-6
0.7151163   1.839120e-6
0.7209302   1.819238e-6
0.7267442   2.207664e-6
0.7325581   2.207664e-6
0.7383721   1.795586e-6
0.744186   1.795586e-6
0.75   2.191181e-6
0.755814   1.959899e-6
0.7616279   1.959899e-6
0.7674419   2.343624e-6
0.7732558   2.343624e-6
0.7790698   2.461584e-6
0.7848837   2.461584e-6
0.7906977   2.520995e-6
0.7965117   2.473168e-6
0.8023256   2.212228e-6
0.8081396   2.893611e-6
0.8139535   2.893611e-6
0.8197674   2.619166e-6
0.8255814   2.948224e-6
0.8313953   2.948224e-6
0.8372093   2.932562e-6
0.8430232   2.932562e-6
0.8488372   3.239098e-6
0.8546512   3.239098e-6
0.8604651   3.234083e-6
0.8662791   2.980586e-6
0.872093   2.980586e-6
0.877907   3.391312e-6
0.8837209   3.391312e-6
0.8895349   3.245442e-6
0.8953488   3.245442e-6
0.9011628   2.498556e-6
0.9069768   2.498556e-6
0.9127907   2.498556e-6
0.9186047   4.056479e-6
0.9244186   4.056479e-6
0.9302326   4.056479e-6
0.9360465   3.436686e-6
0.9418604   3.436686e-6
0.9476744   3.436686e-6
0.9534883   4.107331e-6
0.9593023   4.107331e-6
0.9651163   3.654847e-6
0.9709302   3.654847e-6
0.9767442   4.662505e-6
0.9825581   4.662505e-6
0.9883721   4.124686e-6
0.994186   4.124686e-6
1   4.124686e-6
