0   3.895263e-7
0.005814   4.496387e-7
0.0116279   5.393051e-7
0.0174419   6.668273e-7
0.0232558   8.351399e-7
0.0290698   1.044552e-6
0.0348837   1.295058e-6
0.0406977   1.585492e-6
0.0465116   1.916043e-6
0.0523256   2.283355e-6
0.0581395   2.620900e-6
0.0639535   3.057468e-6
0.0697674   3.531684e-6
0.0755814   4.033303e-6
0.0813954   4.569597e-6
0.0872093   5.134709e-6
0.0930233   5.720476e-6
0.0988372   6.345872e-6
0.1046512   7.162987e-6
0.1104651   7.769796e-6
0.1162791   8.332666e-6
0.122093   0.0000105
0.127907   9.769358e-6
0.1337209   0.0000101
0.1395349   0.0000109
0.1453488   0.0000123
0.1511628   0.0000107
0.1569767   0.0000138
0.1627907   0.0000159
0.1686047   0.0000121
0.1744186   0.0000144
0.1802326   0.0000203
0.1860465   0.0000187
0.1918605   0.0000171
0.1976744   0.0000218
0.2034884   0.0000205
0.2093023   0.0000237
0.2151163   0.0000229
0.2209302   0.0000193
0.2267442   0.000023
0.2325581   0.0000269
0.2383721   0.0000297
0.244186   0.0000258
0.25   0.000027
0.255814   0.0000277
0.2616279   0.0000305
0.2674419   0.0000358
0.2732558   0.000032
0.2790698   0.0000349
0.2848837   0.000041
0.2906977   0.0000337
0.2965116   0.000038
0.3023256   0.000032
0.3081395   0.0000374
0.3139535   0.0000355
0.3197674   0.0000396
0.3255814   0.0000445
0.3313954   0.0000352
0.3372093   0.0000365
0.3430233   0.0000487
0.3488372   0.0000424
0.3546512   0.0000487
0.3604651   0.0000439
0.3662791   0.0000542
0.372093   0.0000528
0.377907   0.0000551
0.3837209   0.000054
0.3895349   0.0000584
0.3953488   0.0000678
0.4011628   0.0000641
0.4069767   0.0000695
0.4127907   0.0000606
0.4186046   0.0000672
0.4244186   0.0000739
0.4302326   0.0000739
0.4360465   0.0000618
0.4418605   0.0000754
0.4476744   0.000078
0.4534884   0.0000831
0.4593023   0.0000532
0.4651163   0.0000756
0.4709302   0.0000878
0.4767442   0.0000796
0.4825581   0.0000875
0.4883721   0.0000924
0.494186   0.0001037
0.5   0.0001053
0.505814   0.0000844
0.5116279   0.0000844
0.5174419   0.0000844
0.5232558   0.0000912
0.5290698   0.0000957
0.5348837   0.0001035
0.5406977   0.0001268
0.5465117   0.0001268
0.5523256   0.0001347
0.5581396   0.0001236
0.5639535   0.0001277
0.5697674   0.0001454
0.5755814   0.0001327
0.5813953   0.0001432
0.5872093   0.000151
0.5930232   0.0001406
0.5988372   0.0001406
0.6046512   0.0001293
0.6104651   0.0001371
0.6162791   0.0001671
0.622093   0.0001863
0.627907   0.0001535
0.6337209   0.0001398
0.6395349   0.0001398
0.6453488   0.0001582
0.6511628   0.0001938
0.6569768   0.0001471
0.6627907   0.0001882
0.6686047   0.0001882
0.6744186   0.0002026
0.6802326   0.0001911
0.6860465   0.0001911
0.6918604   0.0002022
0.6976744   0.0002022
0.7034883   0.000218
0.7093023   0.0002366
0.7151163   0.0002116
0.7209302   0.0002117
0.7267442   0.0002498
0.7325581   0.0002498
0.7383721   0.0002027
0.744186   0.0002027
0.75   0.0002479
0.755814   0.000221
0.7616279   0.000221
0.7674419   0.000263
0.7732558   0.000263
0.7790698   0.0002771
0.7848837   0.0002771
0.7906977   0.0002836
0.7965117   0.0002738
0.8023256   0.0002487
0.8081396   0.0003195
0.8139535   0.0003195
0.8197674   0.0002841
0.8255814   0.0003218
0.8313953   0.0003218
0.8372093   0.0003219
0.8430232   0.0003219
0.8488372   0.0003536
0.8546512   0.0003536
0.8604651   0.0003536
0.8662791   0.0003241
0.872093   0.0003241
0.877907   0.0003659
0.8837209   0.0003659
0.8895349   0.0003489
0.8953488   0.0003489
0.9011628   0.0002683
0.9069768   0.0002683
0.9127907   0.0002683
0.9186047   0.0004194
0.9244186   0.0004194
0.9302326   0.0004194
0.9360465   0.000361
0.9418604   0.000361
0.9476744   0.000361
0.9534883   0.000444
0.9593023   0.000444
0.9651163   0.0003777
0.9709302   0.0003777
0.9767442   0.0004928
0.9825581   0.0004928
0.9883721   0.0004373
0.994186   0.0004373
1   0.0004373
