0   8.645391e+24
0.005814   7.360551e+24
0.0116279   6.000104e+24
0.0174419   4.721237e+24
0.0232558   3.659807e+24
0.0290698   2.840633e+24
0.0348837   2.224460e+24
0.0406977   1.768083e+24
0.0465116   1.426960e+24
0.0523256   1.168753e+24
0.0581395   9.997222e+23
0.0639535   8.394559e+23
0.0697674   7.125089e+23
0.0755814   6.118402e+23
0.0813954   5.293908e+23
0.0872093   4.629907e+23
0.0930233   4.077268e+23
0.0988372   3.629649e+23
0.1046512   3.237158e+23
0.1104651   2.924344e+23
0.1162791   2.608608e+23
0.122093   2.342401e+23
0.127907   2.169045e+23
0.1337209   2.048870e+23
0.1395349   1.843442e+23
0.1453488   1.648991e+23
0.1511628   1.574019e+23
0.1569767   1.583405e+23
0.1627907   1.306652e+23
0.1686047   1.550627e+23
0.1744186   1.145395e+23
0.1802326   1.121428e+23
0.1860465   9.826545e+22
0.1918605   9.554035e+22
0.1976744   8.896185e+22
0.2034884   9.361072e+22
0.2093023   7.948313e+22
0.2151163   7.707734e+22
0.2209302   7.480178e+22
0.2267442   6.819528e+22
0.2325581   6.186177e+22
0.2383721   5.813247e+22
0.244186   5.752338e+22
0.25   5.663008e+22
0.255814   5.736164e+22
0.2616279   5.662572e+22
0.2674419   5.025727e+22
0.2732558   4.710729e+22
0.2790698   4.670330e+22
0.2848837   4.559722e+22
0.2906977   4.342464e+22
0.2965116   4.080307e+22
0.3023256   4.033776e+22
0.3081395   3.509496e+22
0.3139535   3.197353e+22
0.3197674   3.360540e+22
0.3255814   3.453838e+22
0.3313954   3.230886e+22
0.3372093   2.986492e+22
0.3430233   2.878493e+22
0.3488372   2.684817e+22
0.3546512   2.799411e+22
0.3604651   2.672484e+22
0.3662791   2.748792e+22
0.372093   2.802214e+22
0.377907   2.409596e+22
0.3837209   2.458123e+22
0.3895349   2.375442e+22
0.3953488   2.232797e+22
0.4011628   2.256596e+22
0.4069767   2.199447e+22
0.4127907   1.862177e+22
0.4186046   2.007004e+22
0.4244186   1.995394e+22
0.4302326   1.723628e+22
0.4360465   1.951454e+22
0.4418605   1.577041e+22
0.4476744   1.696151e+22
0.4534884   1.671082e+22
0.4593023   1.693591e+22
0.4651163   1.645300e+22
0.4709302   1.548976e+22
0.4767442   1.494815e+22
0.4825581   1.505565e+22
0.4883721   1.463073e+22
0.494186   1.396010e+22
0.5   1.343079e+22
0.505814   1.354068e+22
0.5116279   1.316330e+22
0.5174419   1.316330e+22
0.5232558   1.367497e+22
0.5290698   1.228515e+22
0.5348837   1.274944e+22
0.5406977   1.099597e+22
0.5465117   1.099597e+22
0.5523256   1.129855e+22
0.5581396   1.115545e+22
0.5639535   1.158782e+22
0.5697674   9.879136e+21
0.5755814   1.047418e+22
0.5813953   1.081388e+22
0.5872093   9.827710e+21
0.5930232   9.705374e+21
0.5988372   9.705374e+21
0.6046512   9.105056e+21
0.6104651   9.081489e+21
0.6162791   9.117734e+21
0.622093   8.954404e+21
0.627907   8.912815e+21
0.6337209   8.500241e+21
0.6395349   8.500241e+21
0.6453488   7.392650e+21
0.6511628   8.098278e+21
0.6569768   8.024497e+21
0.6627907   7.912636e+21
0.6686047   7.912636e+21
0.6744186   7.291114e+21
0.6802326   6.996985e+21
0.6860465   6.996985e+21
0.6918604   6.645977e+21
0.6976744   6.645977e+21
0.7034883   7.162623e+21
0.7093023   6.659563e+21
0.7151163   6.813955e+21
0.7209302   6.147090e+21
0.7267442   6.525555e+21
0.7325581   6.525555e+21
0.7383721   6.222701e+21
0.744186   6.222701e+21
0.75   6.025846e+21
0.755814   5.992185e+21
0.7616279   5.992185e+21
0.7674419   5.592526e+21
0.7732558   5.592526e+21
0.7790698   5.367121e+21
0.7848837   5.367121e+21
0.7906977   5.685205e+21
0.7965117   5.413965e+21
0.8023256   5.161869e+21
0.8081396   5.169206e+21
0.8139535   5.169206e+21
0.8197674   5.216132e+21
0.8255814   4.879741e+21
0.8313953   4.879741e+21
0.8372093   4.825126e+21
0.8430232   4.825126e+21
0.8488372   4.644847e+21
0.8546512   4.644847e+21
0.8604651   4.513372e+21
0.8662791   4.487744e+21
0.872093   4.487744e+21
0.877907   4.491248e+21
0.8837209   4.491248e+21
0.8895349   4.091776e+21
0.8953488   4.091776e+21
0.9011628   4.463617e+21
0.9069768   4.463617e+21
0.9127907   4.463617e+21
0.9186047   4.193287e+21
0.9244186   4.193287e+21
0.9302326   4.193287e+21
0.9360465   3.868697e+21
0.9418604   3.868697e+21
0.9476744   3.868697e+21
0.9534883   3.396489e+21
0.9593023   3.396489e+21
0.9651163   3.752307e+21
0.9709302   3.752307e+21
0.9767442   3.570210e+21
0.9825581   3.570210e+21
0.9883721   3.282884e+21
0.994186   3.282884e+21
1   3.282884e+21
