0   769.1997
0.005814   869.4417
0.0116279   970.7725
0.0174419   1062.821
0.0232558   1139.569
0.0290698   1199.489
0.0348837   1245.75
0.0406977   1281.386
0.0465116   1308.989
0.0523256   1330.814
0.0581395   1345.646
0.0639535   1360.256
0.0697674   1372.443
0.0755814   1382.4
0.0813954   1390.781
0.0872093   1397.828
0.0930233   1403.881
0.0988372   1409.412
0.1046512   1417.582
0.1104651   1420.323
0.1162791   1421.005
0.122093   1427.655
0.127907   1429.148
0.1337209   1430.363
0.1395349   1429.835
0.1453488   1432.741
0.1511628   1434.92
0.1569767   1451.119
0.1627907   1444.196
0.1686047   1441.24
0.1744186   1443.36
0.1802326   1443.339
0.1860465   1431.47
0.1918605   1447.823
0.1976744   1448.61
0.2034884   1445.774
0.2093023   1445.85
0.2151163   1440.868
0.2209302   1448.782
0.2267442   1446.665
0.2325581   1455.997
0.2383721   1449.345
0.244186   1455.963
0.25   1453.655
0.255814   1455.962
0.2616279   1456.285
0.2674419   1453.223
0.2732558   1453.732
0.2790698   1453.638
0.2848837   1453.309
0.2906977   1456.626
0.2965116   1454.647
0.3023256   1457.529
0.3081395   1458.067
0.3139535   1455.287
0.3197674   1453.663
0.3255814   1455.701
0.3313954   1460.145
0.3372093   1455.306
0.3430233   1456.749
0.3488372   1459.055
0.3546512   1457.786
0.3604651   1456.644
0.3662791   1463.605
0.372093   1461.709
0.377907   1462.061
0.3837209   1457.353
0.3895349   1456.777
0.3953488   1464.99
0.4011628   1459.063
0.4069767   1463.951
0.4127907   1456.928
0.4186046   1462.831
0.4244186   1466.628
0.4302326   1464.853
0.4360465   1462.583
0.4418605   1461.517
0.4476744   1465.53
0.4534884   1461.074
0.4593023   1460.363
0.4651163   1465.857
0.4709302   1460.385
0.4767442   1462.532
0.4825581   1462.168
0.4883721   1463.67
0.494186   1462.479
0.5   1461.313
0.505814   1465.359
0.5116279   1463.607
0.5174419   1463.607
0.5232558   1464.588
0.5290698   1460.448
0.5348837   1465.254
0.5406977   1462.826
0.5465117   1462.826
0.5523256   1463.864
0.5581396   1464.556
0.5639535   1464.447
0.5697674   1457.862
0.5755814   1466.719
0.5813953   1459.608
0.5872093   1464.922
0.5930232   1468.136
0.5988372   1468.136
0.6046512   1466.997
0.6104651   1459.733
0.6162791   1467.568
0.622093   1465.105
0.627907   1463.568
0.6337209   1459.269
0.6395349   1459.269
0.6453488   1469.741
0.6511628   1463.326
0.6569768   1467.088
0.6627907   1465.844
0.6686047   1465.844
0.6744186   1464.984
0.6802326   1465.713
0.6860465   1465.713
0.6918604   1463.151
0.6976744   1463.151
0.7034883   1466.215
0.7093023   1465.845
0.7151163   1465.879
0.7209302   1471.8
0.7267442   1464.494
0.7325581   1464.494
0.7383721   1459.887
0.744186   1459.887
0.75   1464.622
0.755814   1465.771
0.7616279   1465.771
0.7674419   1466.183
0.7732558   1466.183
0.7790698   1463.886
0.7848837   1463.886
0.7906977   1467.556
0.7965117   1464.102
0.8023256   1466.884
0.8081396   1467.032
0.8139535   1467.032
0.8197674   1465.647
0.8255814   1464.748
0.8313953   1464.748
0.8372093   1467.308
0.8430232   1467.308
0.8488372   1465.905
0.8546512   1465.905
0.8604651   1465.973
0.8662791   1466.317
0.872093   1466.317
0.877907   1467.454
0.8837209   1467.454
0.8895349   1466.574
0.8953488   1466.574
0.9011628   1465.638
0.9069768   1465.638
0.9127907   1465.638
0.9186047   1458.788
0.9244186   1458.788
0.9302326   1458.788
0.9360465   1465.592
0.9418604   1465.592
0.9476744   1465.592
0.9534883   1468.804
0.9593023   1468.804
0.9651163   1467.792
0.9709302   1467.792
0.9767442   1465.751
0.9825581   1465.751
0.9883721   1465.506
0.994186   1465.506
1   1465.506
