0   153.7984
0.005814   138.0695
0.0116279   120.0547
0.0174419   101.7713
0.0232558   85.26685
0.0290698   71.43622
0.0348837   60.32515
0.0406977   51.46737
0.0465116   44.44307
0.0523256   38.79945
0.0581395   34.92565
0.0639535   31.06208
0.0697674   27.87213
0.0755814   25.18642
0.0813954   22.92692
0.0872093   21.01433
0.0930233   19.3555
0.0988372   17.92695
0.1046512   17.10826
0.1104651   15.88512
0.1162791   14.61665
0.122093   14.12805
0.127907   13.13238
0.1337209   12.56771
0.1395349   11.6832
0.1453488   11.625
0.1511628   10.98078
0.1569767   10.4858
0.1627907   10.02681
0.1686047   9.41867
0.1744186   9.084463
0.1802326   8.593134
0.1860465   7.436209
0.1918605   8.222526
0.1976744   7.909515
0.2034884   7.552427
0.2093023   7.489672
0.2151163   6.814263
0.2209302   6.787724
0.2267442   6.683931
0.2325581   6.743698
0.2383721   6.635677
0.244186   6.334992
0.25   6.091497
0.255814   5.845468
0.2616279   5.811305
0.2674419   5.487225
0.2732558   5.457957
0.2790698   5.3533
0.2848837   5.289181
0.2906977   5.221072
0.2965116   5.008671
0.3023256   4.975338
0.3081395   5.038674
0.3139535   4.976314
0.3197674   4.681655
0.3255814   4.537718
0.3313954   4.464896
0.3372093   4.529757
0.3430233   4.373438
0.3488372   4.493632
0.3546512   4.287621
0.3604651   4.305483
0.3662791   4.033359
0.372093   4.03863
0.377907   4.038391
0.3837209   3.899774
0.3895349   3.912425
0.3953488   3.988004
0.4011628   3.808014
0.4069767   3.787341
0.4127907   3.926737
0.4186046   3.652025
0.4244186   3.68211
0.4302326   3.67223
0.4360465   3.492221
0.4418605   3.633252
0.4476744   3.510473
0.4534884   3.533256
0.4593023   3.370145
0.4651163   3.332508
0.4709302   3.341741
0.4767442   3.320017
0.4825581   3.276576
0.4883721   3.289336
0.494186   3.188874
0.5   3.163725
0.505814   3.216439
0.5116279   3.10806
0.5174419   3.10806
0.5232558   3.019164
0.5290698   3.074353
0.5348837   3.041436
0.5406977   2.997525
0.5465117   2.997525
0.5523256   3.003751
0.5581396   2.944199
0.5639535   2.854862
0.5697674   2.908121
0.5755814   2.861261
0.5813953   2.787684
0.5872093   2.83767
0.5930232   2.882761
0.5988372   2.882761
0.6046512   2.833991
0.6104651   2.726405
0.6162791   2.790776
0.622093   2.679893
0.627907   2.728275
0.6337209   2.672841
0.6395349   2.672841
0.6453488   2.816182
0.6511628   2.655022
0.6569768   2.607804
0.6627907   2.562622
0.6686047   2.562622
0.6744186   2.642182
0.6802326   2.627078
0.6860465   2.627078
0.6918604   2.563094
0.6976744   2.563094
0.7034883   2.485272
0.7093023   2.549108
0.7151163   2.505076
0.7209302   2.561872
0.7267442   2.42094
0.7325581   2.42094
0.7383721   2.411147
0.744186   2.411147
0.75   2.421381
0.755814   2.405973
0.7616279   2.405973
0.7674419   2.382801
0.7732558   2.382801
0.7790698   2.396233
0.7848837   2.396233
0.7906977   2.394126
0.7965117   2.317468
0.8023256   2.390799
0.8081396   2.306523
0.8139535   2.306523
0.8197674   2.225698
0.8255814   2.253849
0.8313953   2.253849
0.8372093   2.279094
0.8430232   2.279094
0.8488372   2.254273
0.8546512   2.254273
0.8604651   2.26065
0.8662791   2.236325
0.872093   2.236325
0.877907   2.202001
0.8837209   2.202001
0.8895349   2.186394
0.8953488   2.186394
0.9011628   2.180787
0.9069768   2.180787
0.9127907   2.180787
0.9186047   2.021661
0.9244186   2.021661
0.9302326   2.021661
0.9360465   2.08704
0.9418604   2.08704
0.9476744   2.08704
0.9534883   2.210256
0.9593023   2.210256
0.9651163   2.020334
0.9709302   2.020334
0.9767442   2.112762
0.9825581   2.112762
0.9883721   2.126125
0.994186   2.126125
1   2.126125
