0   151.8855
0.005814   136.157
0.0116279   118.2836
0.0174419   100.2309
0.0232558   84.00947
0.0290698   70.49477
0.0348837   59.66857
0.0406977   51.08868
0.0465116   44.33686
0.0523256   38.89595
0.0581395   35.21661
0.0639535   31.53325
0.0697674   28.53359
0.0755814   25.98925
0.0813954   23.86757
0.0872093   22.10667
0.0930233   20.54216
0.0988372   19.19081
0.1046512   19.02661
0.1104651   17.70321
0.1162791   16.17556
0.122093   16.22546
0.127907   15.0958
0.1337209   14.40946
0.1395349   13.5169
0.1453488   14.29547
0.1511628   13.42914
0.1569767   12.7339
0.1627907   12.67378
0.1686047   11.60602
0.1744186   11.62861
0.1802326   10.53461
0.1860465   8.182159
0.1918605   10.78255
0.1976744   10.36266
0.2034884   9.689633
0.2093023   10.08947
0.2151163   8.685238
0.2209302   8.986209
0.2267442   9.067847
0.2325581   9.471949
0.2383721   9.538299
0.244186   8.980453
0.25   8.605896
0.255814   8.123145
0.2616279   8.283766
0.2674419   7.673995
0.2732558   7.869532
0.2790698   7.77115
0.2848837   7.738178
0.2906977   7.791313
0.2965116   7.301455
0.3023256   7.402636
0.3081395   7.708684
0.3139535   7.851862
0.3197674   7.177654
0.3255814   6.884244
0.3313954   6.84574
0.3372093   7.189398
0.3430233   6.891596
0.3488372   7.340586
0.3546512   6.863158
0.3604651   7.017955
0.3662791   6.296853
0.372093   6.424171
0.377907   6.618928
0.3837209   6.283399
0.3895349   6.451128
0.3953488   6.707703
0.4011628   6.300797
0.4069767   6.365549
0.4127907   6.89995
0.4186046   6.126825
0.4244186   6.279365
0.4302326   6.342344
0.4360465   5.915465
0.4418605   6.404524
0.4476744   6.124324
0.4534884   6.265967
0.4593023   5.852078
0.4651163   5.866021
0.4709302   5.930642
0.4767442   5.938984
0.4825581   5.856823
0.4883721   5.923564
0.494186   5.701122
0.5   5.729668
0.505814   5.921478
0.5116279   5.673874
0.5174419   5.673874
0.5232558   5.502127
0.5290698   5.710352
0.5348837   5.658864
0.5406977   5.618282
0.5465117   5.618282
0.5523256   5.693895
0.5581396   5.563003
0.5639535   5.351318
0.5697674   5.552142
0.5755814   5.499529
0.5813953   5.267956
0.5872093   5.445308
0.5930232   5.666001
0.5988372   5.666001
0.6046512   5.601763
0.6104651   5.289761
0.6162791   5.501243
0.622093   5.203499
0.627907   5.390266
0.6337209   5.310096
0.6395349   5.310096
0.6453488   5.754428
0.6511628   5.32168
0.6569768   5.182362
0.6627907   5.102861
0.6686047   5.102861
0.6744186   5.380483
0.6802326   5.395886
0.6860465   5.395886
0.6918604   5.254907
0.6976744   5.254907
0.7034883   5.062387
0.7093023   5.276522
0.7151163   5.174571
0.7209302   5.385618
0.7267442   5.007868
0.7325581   5.007868
0.7383721   5.044457
0.744186   5.044457
0.75   5.087934
0.755814   5.088753
0.7616279   5.088753
0.7674419   5.050982
0.7732558   5.050982
0.7790698   5.126221
0.7848837   5.126221
0.7906977   5.138339
0.7965117   4.942345
0.8023256   5.17092
0.8081396   4.948251
0.8139535   4.948251
0.8197674   4.741656
0.8255814   4.856713
0.8313953   4.856713
0.8372093   4.959783
0.8430232   4.959783
0.8488372   4.916606
0.8546512   4.916606
0.8604651   4.961607
0.8662791   4.917137
0.872093   4.917137
0.877907   4.841658
0.8837209   4.841658
0.8895349   4.820548
0.8953488   4.820548
0.9011628   4.862155
0.9069768   4.862155
0.9127907   4.862155
0.9186047   4.433816
0.9244186   4.433816
0.9302326   4.433816
0.9360465   4.655293
0.9418604   4.655293
0.9476744   4.655293
0.9534883   5.053344
0.9593023   5.053344
0.9651163   4.516772
0.9709302   4.516772
0.9767442   4.815291
0.9825581   4.815291
0.9883721   4.877682
0.994186   4.877682
1   4.877682
