0   154.8064
0.005814   139.1152
0.0116279   121.0941
0.0174419   102.7466
0.0232558   86.09034
0.0290698   72.09135
0.0348837   60.797
0.0406977   51.76713
0.0465116   44.57732
0.0523256   38.80219
0.0581395   34.80763
0.0639535   30.85436
0.0697674   27.54983
0.0755814   24.79361
0.0813954   22.46604
0.0872093   20.47503
0.0930233   18.75399
0.0988372   17.30267
0.1046512   16.19877
0.1104651   15.01902
0.1162791   13.83304
0.122093   13.10307
0.127907   12.20475
0.1337209   11.70676
0.1395349   10.76993
0.1453488   10.30192
0.1511628   9.850472
0.1569767   9.423512
0.1627907   8.692028
0.1686047   8.339039
0.1744186   7.863261
0.1802326   7.648612
0.1860465   7.017787
0.1918605   6.972271
0.1976744   6.704223
0.2034884   6.494238
0.2093023   6.217946
0.2151163   5.879313
0.2209302   5.677895
0.2267442   5.487693
0.2325581   5.396819
0.2383721   5.206815
0.244186   5.044121
0.25   4.846562
0.255814   4.717024
0.2616279   4.584171
0.2674419   4.398683
0.2732558   4.261439
0.2790698   4.145678
0.2848837   4.074612
0.2906977   3.941769
0.2965116   3.870111
0.3023256   3.760279
0.3081395   3.719844
0.3139535   3.542107
0.3197674   3.43817
0.3255814   3.383205
0.3313954   3.276646
0.3372093   3.207647
0.3430233   3.133283
0.3488372   3.105749
0.3546512   3.009923
0.3604651   2.959786
0.3662791   2.913124
0.372093   2.853093
0.377907   2.742198
0.3837209   2.717908
0.3895349   2.652263
0.3953488   2.643657
0.4011628   2.565466
0.4069767   2.518163
0.4127907   2.445573
0.4186046   2.421141
0.4244186   2.393211
0.4302326   2.353094
0.4360465   2.280477
0.4418605   2.262834
0.4476744   2.215464
0.4534884   2.176304
0.4593023   2.131235
0.4651163   2.070913
0.4709302   2.065874
0.4767442   2.022983
0.4825581   1.997312
0.4883721   1.986133
0.494186   1.948718
0.5   1.888131
0.505814   1.869714
0.5116279   1.82737
0.5174419   1.82737
0.5232558   1.770786
0.5290698   1.76739
0.5348837   1.728651
0.5406977   1.698236
0.5465117   1.698236
0.5523256   1.673397
0.5581396   1.643474
0.5639535   1.609862
0.5697674   1.591691
0.5755814   1.531208
0.5813953   1.564284
0.5872093   1.546297
0.5930232   1.495923
0.5988372   1.495923
0.6046512   1.445554
0.6104651   1.45823
0.6162791   1.446922
0.622093   1.430533
0.627907   1.405472
0.6337209   1.366118
0.6395349   1.366118
0.6453488   1.357638
0.6511628   1.330878
0.6569768   1.33404
0.6627907   1.300571
0.6686047   1.300571
0.6744186   1.279643
0.6802326   1.244713
0.6860465   1.244713
0.6918604   1.226114
0.6976744   1.226114
0.7034883   1.203346
0.7093023   1.193675
0.7151163   1.174901
0.7209302   1.150113
0.7267442   1.133741
0.7325581   1.133741
0.7383721   1.089522
0.744186   1.089522
0.75   1.095068
0.755814   1.065465
0.7616279   1.065465
0.7674419   1.055227
0.7732558   1.055227
0.7790698   1.038187
0.7848837   1.038187
0.7906977   1.029294
0.7965117   1.010425
0.8023256   1.007499
0.8081396   0.9919324
0.8139535   0.9919324
0.8197674   0.9689397
0.8255814   0.9580904
0.8313953   0.9580904
0.8372093   0.9430381
0.8430232   0.9430381
0.8488372   0.9272906
0.8546512   0.9272906
0.8604651   0.9149001
0.8662791   0.8998705
0.872093   0.8998705
0.877907   0.8839129
0.8837209   0.8839129
0.8895349   0.8732085
0.8953488   0.8732085
0.9011628   0.8373636
0.9069768   0.8373636
0.9127907   0.8373636
0.9186047   0.8168658
0.9244186   0.8168658
0.9302326   0.8168658
0.9360465   0.8078067
0.9418604   0.8078067
0.9476744   0.8078067
0.9534883   0.792969
0.9593023   0.792969
0.9651163   0.7745097
0.9709302   0.7745097
0.9767442   0.7642246
0.9825581   0.7642246
0.9883721   0.7519931
0.994186   0.7519931
1   0.7519931
