0   154.7034
0.005814   138.9365
0.0116279   120.7865
0.0174419   102.3364
0.0232558   85.70077
0.0290698   71.72255
0.0348837   60.50988
0.0406977   51.54626
0.0465116   44.41504
0.0523256   38.70019
0.0581395   34.75274
0.0639535   30.79863
0.0697674   27.53297
0.0755814   24.77641
0.0813954   22.44715
0.0872093   20.46129
0.0930233   18.77031
0.0988372   17.2874
0.1046512   16.09943
0.1104651   14.93316
0.1162791   13.84138
0.122093   13.05559
0.127907   12.09661
0.1337209   11.58691
0.1395349   10.76276
0.1453488   10.27758
0.1511628   9.662717
0.1569767   9.300048
0.1627907   8.714591
0.1686047   8.310925
0.1744186   7.761515
0.1802326   7.596164
0.1860465   7.108672
0.1918605   6.912735
0.1976744   6.661656
0.2034884   6.473432
0.2093023   6.161606
0.2151163   5.878234
0.2209302   5.69911
0.2267442   5.496221
0.2325581   5.362344
0.2383721   5.161961
0.244186   4.980456
0.25   4.822019
0.255814   4.696232
0.2616279   4.565932
0.2674419   4.389028
0.2732558   4.242839
0.2790698   4.143123
0.2848837   4.054717
0.2906977   3.930161
0.2965116   3.854389
0.3023256   3.763141
0.3081395   3.687519
0.3139535   3.534994
0.3197674   3.429172
0.3255814   3.34567
0.3313954   3.27231
0.3372093   3.19225
0.3430233   3.095402
0.3488372   3.034574
0.3546512   2.989831
0.3604651   2.938684
0.3662791   2.890054
0.372093   2.83865
0.377907   2.754104
0.3837209   2.698064
0.3895349   2.633885
0.3953488   2.61263
0.4011628   2.557719
0.4069767   2.478327
0.4127907   2.434692
0.4186046   2.408055
0.4244186   2.373801
0.4302326   2.321211
0.4360465   2.280751
0.4418605   2.232397
0.4476744   2.19165
0.4534884   2.157536
0.4593023   2.127105
0.4651163   2.06058
0.4709302   2.02867
0.4767442   1.998031
0.4825581   1.975577
0.4883721   1.958326
0.494186   1.916822
0.5   1.87343
0.505814   1.858164
0.5116279   1.822947
0.5174419   1.822947
0.5232558   1.784538
0.5290698   1.745325
0.5348837   1.736816
0.5406977   1.67605
0.5465117   1.67605
0.5523256   1.643904
0.5581396   1.626073
0.5639535   1.603352
0.5697674   1.580547
0.5755814   1.553059
0.5813953   1.530788
0.5872093   1.521419
0.5930232   1.486379
0.5988372   1.486379
0.6046512   1.454606
0.6104651   1.431172
0.6162791   1.424127
0.622093   1.405631
0.627907   1.38914
0.6337209   1.342293
0.6395349   1.342293
0.6453488   1.336446
0.6511628   1.312549
0.6569768   1.306978
0.6627907   1.284429
0.6686047   1.284429
0.6744186   1.26641
0.6802326   1.240632
0.6860465   1.240632
0.6918604   1.208237
0.6976744   1.208237
0.7034883   1.190117
0.7093023   1.177188
0.7151163   1.165734
0.7209302   1.149905
0.7267442   1.121223
0.7325581   1.121223
0.7383721   1.099417
0.744186   1.099417
0.75   1.081146
0.755814   1.063728
0.7616279   1.063728
0.7674419   1.042194
0.7732558   1.042194
0.7790698   1.02425
0.7848837   1.02425
0.7906977   1.014798
0.7965117   0.9995826
0.8023256   0.9939545
0.8081396   0.9793462
0.8139535   0.9793462
0.8197674   0.9665105
0.8255814   0.9467102
0.8313953   0.9467102
0.8372093   0.9345018
0.8430232   0.9345018
0.8488372   0.9189032
0.8546512   0.9189032
0.8604651   0.9054842
0.8662791   0.8919122
0.872093   0.8919122
0.877907   0.8804268
0.8837209   0.8804268
0.8895349   0.8654451
0.8953488   0.8654451
0.9011628   0.8428765
0.9069768   0.8428765
0.9127907   0.8428765
0.9186047   0.8142754
0.9244186   0.8142754
0.9302326   0.8142754
0.9360465   0.7980461
0.9418604   0.7980461
0.9476744   0.7980461
0.9534883   0.7844275
0.9593023   0.7844275
0.9651163   0.7697377
0.9709302   0.7697377
0.9767442   0.7588117
0.9825581   0.7588117
0.9883721   0.7486987
0.994186   0.7486987
1   0.7486987
