0   1.050749
0.005814   1.247576
0.0116279   1.489188
0.0174419   1.766741
0.0232558   2.067464
0.0290698   2.37765
0.0348837   2.689052
0.0406977   2.99783
0.0465116   3.300759
0.0523256   3.597007
0.0581395   3.838412
0.0639535   4.121252
0.0697674   4.397439
0.0755814   4.666824
0.0813954   4.925905
0.0872093   5.180176
0.0930233   5.427655
0.0988372   5.670179
0.1046512   5.905543
0.1104651   6.13457
0.1162791   6.32644
0.122093   6.535326
0.127907   6.714581
0.1337209   6.972854
0.1395349   7.114394
0.1453488   7.431459
0.1511628   7.430587
0.1569767   7.620957
0.1627907   7.872509
0.1686047   8.215548
0.1744186   8.406302
0.1802326   8.431084
0.1860465   8.641533
0.1918605   8.763893
0.1976744   8.982555
0.2034884   8.990607
0.2093023   9.23218
0.2151163   9.432294
0.2209302   9.501937
0.2267442   9.68788
0.2325581   9.731158
0.2383721   10.13804
0.244186   10.06247
0.25   10.34084
0.255814   10.41515
0.2616279   10.52709
0.2674419   10.64275
0.2732558   10.99318
0.2790698   11.28317
0.2848837   11.13897
0.2906977   11.30115
0.2965116   11.56786
0.3023256   11.37671
0.3081395   11.55267
0.3139535   11.76901
0.3197674   11.83684
0.3255814   11.92215
0.3313954   12.03836
0.3372093   12.11914
0.3430233   12.42565
0.3488372   12.61193
0.3546512   12.54387
0.3604651   12.73839
0.3662791   12.69232
0.372093   12.86594
0.377907   12.79091
0.3837209   12.86438
0.3895349   13.22371
0.3953488   13.10478
0.4011628   13.43388
0.4069767   13.55688
0.4127907   13.51813
0.4186046   13.74081
0.4244186   13.73353
0.4302326   13.67888
0.4360465   13.7974
0.4418605   13.7974
0.4476744   14.08154
0.4534884   14.15104
0.4593023   14.19373
0.4651163   14.33452
0.4709302   14.34873
0.4767442   14.55982
0.4825581   14.62182
0.4883721   14.59217
0.494186   14.72015
0.5   14.94881
0.505814   14.82262
0.5116279   15.04337
0.5174419   15.11721
0.5232558   15.33882
0.5290698   15.10508
0.5348837   15.32779
0.5406977   15.32779
0.5465117   15.3962
0.5523256   15.5119
0.5581396   15.52129
0.5639535   15.76809
0.5697674   15.76809
0.5755814   16.09199
0.5813953   15.50618
0.5872093   16.09756
0.5930232   16.09756
0.5988372   16.03548
0.6046512   16.0536
0.6104651   16.25911
0.6162791   16.41298
0.622093   16.60144
0.627907   16.60144
0.6337209   16.33207
0.6395349   16.64046
0.6453488   16.64046
0.6511628   16.83144
0.6569768   16.83144
0.6627907   16.63758
0.6686047   16.99189
0.6744186   16.99189
0.6802326   17.02762
0.6860465   17.02762
0.6918604   17.0701
0.6976744   17.0701
0.7034883   17.10348
0.7093023   17.10348
0.7151163   16.90102
0.7209302   16.90102
0.7267442   17.56003
0.7325581   17.3516
0.7383721   17.43433
0.744186   17.43433
0.75   17.53233
0.755814   17.53233
0.7616279   17.65031
0.7674419   17.63338
0.7732558   17.82573
0.7790698   17.92987
0.7848837   17.92987
0.7906977   17.9156
0.7965117   18.07292
0.8023256   18.07292
0.8081396   17.76676
0.8139535   17.76676
0.8197674   17.86553
0.8255814   18.35961
0.8313953   18.35961
0.8372093   18.46871
0.8430232   18.46871
0.8488372   18.41092
0.8546512   18.41092
0.8604651   18.26645
0.8662791   18.65895
0.872093   18.65895
0.877907   18.41811
0.8837209   18.41811
0.8895349   18.83436
0.8953488   18.83436
0.9011628   18.75599
0.9069768   18.75599
0.9127907   18.75599
0.9186047   19.07584
0.9244186   18.90698
0.9302326   18.90698
0.9360465   19.04183
0.9418604   19.04183
0.9476744   19.19642
0.9534883   19.0941
0.9593023   19.0941
0.9651163   19.13428
0.9709302   19.13428
0.9767442   19.13428
0.9825581   19.48056
0.9883721   19.48056
0.994186   19.21274
1   19.21274
