0   2.639722e-10
0.005814   3.207685e-10
0.0116279   4.113558e-10
0.0174419   5.512317e-10
0.0232558   7.531170e-10
0.0290698   1.028805e-9
0.0348837   1.386516e-9
0.0406977   1.835169e-9
0.0465116   2.385031e-9
0.0523256   3.040471e-9
0.0581395   3.678047e-9
0.0639535   4.550941e-9
0.0697674   5.551044e-9
0.0755814   6.678489e-9
0.0813954   7.951027e-9
0.0872093   9.358891e-9
0.0930233   1.090832e-8
0.0988372   1.261977e-8
0.1046512   1.444194e-8
0.1104651   1.643753e-8
0.1162791   1.989995e-8
0.122093   2.036564e-8
0.127907   2.371299e-8
0.1337209   2.534405e-8
0.1395349   2.806766e-8
0.1453488   3.320737e-8
0.1511628   3.307393e-8
0.1569767   4.004180e-8
0.1627907   3.928342e-8
0.1686047   4.940053e-8
0.1744186   5.178789e-8
0.1802326   5.260448e-8
0.1860465   5.833791e-8
0.1918605   6.169820e-8
0.1976744   5.955125e-8
0.2034884   7.520973e-8
0.2093023   6.588908e-8
0.2151163   7.667305e-8
0.2209302   8.963514e-8
0.2267442   9.325146e-8
0.2325581   1.020995e-7
0.2383721   9.758323e-8
0.244186   1.126121e-7
0.25   1.206604e-7
0.255814   9.916666e-8
0.2616279   9.998299e-8
0.2674419   1.147220e-7
0.2732558   1.207413e-7
0.2790698   1.289815e-7
0.2848837   1.411627e-7
0.2906977   1.405592e-7
0.2965116   1.535713e-7
0.3023256   1.520434e-7
0.3081395   1.653703e-7
0.3139535   1.775006e-7
0.3197674   1.342594e-7
0.3255814   1.530789e-7
0.3313954   1.864516e-7
0.3372093   1.916349e-7
0.3430233   2.042185e-7
0.3488372   2.261771e-7
0.3546512   2.367250e-7
0.3604651   2.572689e-7
0.3662791   2.387771e-7
0.372093   2.577287e-7
0.377907   2.196850e-7
0.3837209   2.949099e-7
0.3895349   2.708501e-7
0.3953488   2.964343e-7
0.4011628   1.946759e-7
0.4069767   2.322373e-7
0.4127907   2.844427e-7
0.4186046   2.935194e-7
0.4244186   3.792153e-7
0.4302326   3.403561e-7
0.4360465   3.749711e-7
0.4418605   3.749711e-7
0.4476744   3.543834e-7
0.4534884   3.892578e-7
0.4593023   4.492295e-7
0.4651163   3.402374e-7
0.4709302   4.745539e-7
0.4767442   4.271221e-7
0.4825581   4.826122e-7
0.4883721   4.555071e-7
0.494186   4.934005e-7
0.5   6.413164e-7
0.505814   5.401866e-7
0.5116279   6.702135e-7
0.5174419   4.241829e-7
0.5232558   5.447445e-7
0.5290698   6.498647e-7
0.5348837   6.843459e-7
0.5406977   6.843459e-7
0.5465117   6.935707e-7
0.5523256   6.702945e-7
0.5581396   7.102474e-7
0.5639535   5.181005e-7
0.5697674   5.181005e-7
0.5755814   7.752238e-7
0.5813953   7.726436e-7
0.5872093   8.620036e-7
0.5930232   8.620036e-7
0.5988372   6.976988e-7
0.6046512   8.349082e-7
0.6104651   8.377016e-7
0.6162791   8.314424e-7
0.622093   8.745054e-7
0.627907   8.745054e-7
0.6337209   9.930844e-7
0.6395349   8.604132e-7
0.6453488   8.604132e-7
0.6511628   8.338539e-7
0.6569768   8.338539e-7
0.6627907   1.089661e-6
0.6686047   1.059464e-6
0.6744186   1.059464e-6
0.6802326   9.531941e-7
0.6860465   9.531941e-7
0.6918604   1.140740e-6
0.6976744   1.140740e-6
0.7034883   1.186571e-6
0.7093023   1.186571e-6
0.7151163   1.233380e-6
0.7209302   1.233380e-6
0.7267442   1.521277e-6
0.7325581   1.192291e-6
0.7383721   1.242043e-6
0.744186   1.242043e-6
0.75   1.304447e-6
0.755814   1.304447e-6
0.7616279   1.471538e-6
0.7674419   1.377764e-6
0.7732558   1.495434e-6
0.7790698   1.476264e-6
0.7848837   1.476264e-6
0.7906977   1.599516e-6
0.7965117   1.717763e-6
0.8023256   1.717763e-6
0.8081396   1.669242e-6
0.8139535   1.669242e-6
0.8197674   1.584560e-6
0.8255814   1.800908e-6
0.8313953   1.800908e-6
0.8372093   1.800160e-6
0.8430232   1.800160e-6
0.8488372   1.853118e-6
0.8546512   1.853118e-6
0.8604651   1.737442e-6
0.8662791   1.925823e-6
0.872093   1.925823e-6
0.877907   1.803727e-6
0.8837209   1.803727e-6
0.8895349   1.851472e-6
0.8953488   1.851472e-6
0.9011628   2.031529e-6
0.9069768   2.031529e-6
0.9127907   2.031529e-6
0.9186047   2.203946e-6
0.9244186   2.168991e-6
0.9302326   2.168991e-6
0.9360465   2.438375e-6
0.9418604   2.438375e-6
0.9476744   2.341486e-6
0.9534883   2.300359e-6
0.9593023   2.300359e-6
0.9651163   2.293773e-6
0.9709302   2.293773e-6
0.9767442   2.293773e-6
0.9825581   2.462550e-6
0.9883721   2.462550e-6
0.994186   2.563396e-6
1   2.563396e-6
