0   2.392684e-7
0.005814   2.761843e-7
0.0116279   3.310803e-7
0.0174419   4.094879e-7
0.0232558   5.129130e-7
0.0290698   6.418940e-7
0.0348837   7.948904e-7
0.0406977   9.712156e-7
0.0465116   1.171423e-6
0.0523256   1.393571e-6
0.0581395   1.597529e-6
0.0639535   1.861483e-6
0.0697674   2.146950e-6
0.0755814   2.451878e-6
0.0813954   2.782329e-6
0.0872093   3.130811e-6
0.0930233   3.498102e-6
0.0988372   3.889403e-6
0.1046512   4.286933e-6
0.1104651   4.710611e-6
0.1162791   5.543767e-6
0.122093   5.502869e-6
0.127907   6.266270e-6
0.1337209   6.439847e-6
0.1395349   7.018917e-6
0.1453488   7.915262e-6
0.1511628   7.940864e-6
0.1569767   9.395813e-6
0.1627907   8.912725e-6
0.1686047   0.0000107
0.1744186   0.000011
0.1802326   0.0000112
0.1860465   0.000012
0.1918605   0.0000126
0.1976744   0.0000119
0.2034884   0.000015
0.2093023   0.0000128
0.2151163   0.0000146
0.2209302   0.0000169
0.2267442   0.0000174
0.2325581   0.0000189
0.2383721   0.0000173
0.244186   0.0000202
0.25   0.0000209
0.255814   0.0000172
0.2616279   0.0000171
0.2674419   0.0000194
0.2732558   0.0000198
0.2790698   0.0000206
0.2848837   0.0000228
0.2906977   0.0000225
0.2965116   0.0000239
0.3023256   0.0000242
0.3081395   0.0000258
0.3139535   0.0000273
0.3197674   0.0000206
0.3255814   0.0000233
0.3313954   0.0000281
0.3372093   0.0000286
0.3430233   0.0000298
0.3488372   0.0000325
0.3546512   0.0000341
0.3604651   0.0000366
0.3662791   0.000034
0.372093   0.0000363
0.377907   0.0000311
0.3837209   0.0000416
0.3895349   0.0000371
0.3953488   0.000041
0.4011628   0.0000263
0.4069767   0.0000311
0.4127907   0.0000382
0.4186046   0.0000387
0.4244186   0.0000501
0.4302326   0.0000451
0.4360465   0.0000493
0.4418605   0.0000493
0.4476744   0.0000457
0.4534884   0.0000498
0.4593023   0.0000575
0.4651163   0.0000432
0.4709302   0.0000601
0.4767442   0.0000532
0.4825581   0.0000599
0.4883721   0.0000567
0.494186   0.0000611
0.5   0.0000777
0.505814   0.0000662
0.5116279   0.0000808
0.5174419   0.000051
0.5232558   0.0000644
0.5290698   0.000078
0.5348837   0.0000807
0.5406977   0.0000807
0.5465117   0.0000819
0.5523256   0.0000783
0.5581396   0.0000833
0.5639535   0.0000597
0.5697674   0.0000597
0.5755814   0.0000874
0.5813953   0.0000901
0.5872093   0.0000971
0.5930232   0.0000971
0.5988372   0.0000789
0.6046512   0.0000943
0.6104651   0.0000937
0.6162791   0.0000918
0.622093   0.0000953
0.627907   0.0000953
0.6337209   0.0001107
0.6395349   0.0000939
0.6453488   0.0000939
0.6511628   0.0000897
0.6569768   0.0000897
0.6627907   0.000119
0.6686047   0.0001133
0.6744186   0.0001133
0.6802326   0.0001019
0.6860465   0.0001019
0.6918604   0.0001214
0.6976744   0.0001214
0.7034883   0.000126
0.7093023   0.000126
0.7151163   0.0001328
0.7209302   0.0001328
0.7267442   0.0001573
0.7325581   0.0001249
0.7383721   0.0001295
0.744186   0.0001295
0.75   0.0001354
0.755814   0.0001354
0.7616279   0.0001514
0.7674419   0.0001421
0.7732558   0.0001527
0.7790698   0.0001498
0.7848837   0.0001498
0.7906977   0.0001624
0.7965117   0.0001731
0.8023256   0.0001731
0.8081396   0.0001708
0.8139535   0.0001708
0.8197674   0.0001614
0.8255814   0.0001786
0.8313953   0.0001786
0.8372093   0.0001772
0.8430232   0.0001772
0.8488372   0.0001828
0.8546512   0.0001828
0.8604651   0.000173
0.8662791   0.0001877
0.872093   0.0001877
0.877907   0.0001782
0.8837209   0.0001782
0.8895349   0.0001788
0.8953488   0.0001788
0.9011628   0.0001968
0.9069768   0.0001968
0.9127907   0.0001968
0.9186047   0.0002106
0.9244186   0.0002088
0.9302326   0.0002088
0.9360465   0.0002329
0.9418604   0.0002329
0.9476744   0.0002219
0.9534883   0.000219
0.9593023   0.000219
0.9651163   0.0002183
0.9709302   0.0002183
0.9767442   0.0002183
0.9825581   0.0002305
0.9883721   0.0002305
0.994186   0.0002414
1   0.0002414
