0   1.418946e+25
0.005814   1.209992e+25
0.0116279   9.878037e+24
0.0174419   7.784320e+24
0.0232558   6.043082e+24
0.0290698   4.692292e+24
0.0348837   3.684743e+24
0.0406977   2.934462e+24
0.0465116   2.375187e+24
0.0523256   1.950247e+24
0.0581395   1.672408e+24
0.0639535   1.406346e+24
0.0697674   1.196471e+24
0.0755814   1.027730e+24
0.0813954   8.922066e+23
0.0872093   7.795186e+23
0.0930233   6.861073e+23
0.0988372   6.088390e+23
0.1046512   5.437511e+23
0.1104651   4.882418e+23
0.1162791   4.356239e+23
0.122093   4.069737e+23
0.127907   3.606829e+23
0.1337209   3.340767e+23
0.1395349   3.071918e+23
0.1453488   3.011829e+23
0.1511628   2.702631e+23
0.1569767   2.298522e+23
0.1627907   2.260168e+23
0.1686047   2.154710e+23
0.1744186   1.981307e+23
0.1802326   1.781481e+23
0.1860465   1.782537e+23
0.1918605   1.654396e+23
0.1976744   1.710360e+23
0.2034884   1.364306e+23
0.2093023   1.355793e+23
0.2151163   1.342623e+23
0.2209302   1.185778e+23
0.2267442   1.137904e+23
0.2325581   1.031472e+23
0.2383721   1.067702e+23
0.244186   9.524370e+22
0.25   9.551414e+22
0.255814   9.055474e+22
0.2616279   8.587419e+22
0.2674419   8.483793e+22
0.2732558   8.203663e+22
0.2790698   7.877613e+22
0.2848837   7.028554e+22
0.2906977   6.892474e+22
0.2965116   6.807038e+22
0.3023256   6.291165e+22
0.3081395   6.111828e+22
0.3139535   6.039750e+22
0.3197674   6.169917e+22
0.3255814   5.721277e+22
0.3313954   5.480905e+22
0.3372093   5.131445e+22
0.3430233   5.173897e+22
0.3488372   5.036835e+22
0.3546512   4.794531e+22
0.3604651   4.613029e+22
0.3662791   4.355558e+22
0.372093   4.156636e+22
0.377907   3.956590e+22
0.3837209   3.807256e+22
0.3895349   4.017883e+22
0.3953488   3.709321e+22
0.4011628   3.854448e+22
0.4069767   3.782953e+22
0.4127907   3.368433e+22
0.4186046   3.528427e+22
0.4244186   3.344292e+22
0.4302326   3.176531e+22
0.4360465   2.712861e+22
0.4418605   2.712861e+22
0.4476744   2.916742e+22
0.4534884   2.860098e+22
0.4593023   2.683446e+22
0.4651163   2.488402e+22
0.4709302   2.566680e+22
0.4767442   2.445299e+22
0.4825581   2.587655e+22
0.4883721   2.404706e+22
0.494186   2.265494e+22
0.5   2.367611e+22
0.505814   2.111118e+22
0.5116279   2.364038e+22
0.5174419   2.208950e+22
0.5232558   2.160595e+22
0.5290698   2.094943e+22
0.5348837   1.951341e+22
0.5406977   1.951341e+22
0.5465117   1.976100e+22
0.5523256   1.938198e+22
0.5581396   1.917725e+22
0.5639535   1.800772e+22
0.5697674   1.800772e+22
0.5755814   1.921657e+22
0.5813953   1.532512e+22
0.5872093   1.675015e+22
0.5930232   1.675015e+22
0.5988372   1.564336e+22
0.6046512   1.487297e+22
0.6104651   1.669737e+22
0.6162791   1.521368e+22
0.622093   1.460922e+22
0.627907   1.460922e+22
0.6337209   1.399486e+22
0.6395349   1.380120e+22
0.6453488   1.380120e+22
0.6511628   1.370002e+22
0.6569768   1.370002e+22
0.6627907   1.286325e+22
0.6686047   1.283215e+22
0.6744186   1.283215e+22
0.6802326   1.274282e+22
0.6860465   1.274282e+22
0.6918604   1.188136e+22
0.6976744   1.188136e+22
0.7034883   1.119376e+22
0.7093023   1.119376e+22
0.7151163   1.009119e+22
0.7209302   1.009119e+22
0.7267442   1.114960e+22
0.7325581   1.037085e+22
0.7383721   1.018897e+22
0.744186   1.018897e+22
0.75   1.034128e+22
0.755814   1.034128e+22
0.7616279   9.593000e+21
0.7674419   9.659275e+21
0.7732558   9.778557e+21
0.7790698   8.978811e+21
0.7848837   8.978811e+21
0.7906977   9.095441e+21
0.7965117   8.991130e+21
0.8023256   8.991130e+21
0.8081396   8.325588e+21
0.8139535   8.325588e+21
0.8197674   7.863286e+21
0.8255814   8.512823e+21
0.8313953   8.512823e+21
0.8372093   8.070923e+21
0.8430232   8.070923e+21
0.8488372   7.838919e+21
0.8546512   7.838919e+21
0.8604651   7.551133e+21
0.8662791   7.727534e+21
0.872093   7.727534e+21
0.877907   7.179504e+21
0.8837209   7.179504e+21
0.8895349   7.155910e+21
0.8953488   7.155910e+21
0.9011628   6.724103e+21
0.9069768   6.724103e+21
0.9127907   6.724103e+21
0.9186047   6.851858e+21
0.9244186   6.489812e+21
0.9302326   6.489812e+21
0.9360465   6.397435e+21
0.9418604   6.397435e+21
0.9476744   6.422079e+21
0.9534883   5.993657e+21
0.9593023   5.993657e+21
0.9651163   5.876233e+21
0.9709302   5.876233e+21
0.9767442   5.876233e+21
0.9825581   6.116853e+21
0.9883721   6.116853e+21
0.994186   5.392775e+21
1   5.392775e+21
