0   770.5118
0.005814   869.0154
0.0116279   969.6576
0.0174419   1061.776
0.0232558   1139.128
0.0290698   1200.138
0.0348837   1247.197
0.0406977   1283.512
0.0465116   1311.556
0.0523256   1333.776
0.0581395   1348.765
0.0639535   1363.768
0.0697674   1375.942
0.0755814   1386.102
0.0813954   1394.519
0.0872093   1401.942
0.0930233   1408.122
0.0988372   1413.779
0.1046512   1418.189
0.1104651   1422.256
0.1162791   1425.823
0.122093   1428.603
0.127907   1435.473
0.1337209   1433.387
0.1395349   1439.312
0.1453488   1433.039
0.1511628   1443.306
0.1569767   1446.717
0.1627907   1445
0.1686047   1438.159
0.1744186   1444.224
0.1802326   1451.453
0.1860465   1438.252
0.1918605   1448.997
0.1976744   1455.39
0.2034884   1455.342
0.2093023   1453.092
0.2151163   1453.303
0.2209302   1451.885
0.2267442   1459.205
0.2325581   1454.827
0.2383721   1455.496
0.244186   1460.021
0.25   1451.52
0.255814   1464.036
0.2616279   1459.485
0.2674419   1458.211
0.2732558   1460.751
0.2790698   1460.257
0.2848837   1458.208
0.2906977   1460.553
0.2965116   1455.625
0.3023256   1462.819
0.3081395   1460.591
0.3139535   1462.389
0.3197674   1465.897
0.3255814   1467.171
0.3313954   1465.379
0.3372093   1465.242
0.3430233   1465.126
0.3488372   1463.929
0.3546512   1462.719
0.3604651   1464.217
0.3662791   1463.587
0.372093   1466.82
0.377907   1466.92
0.3837209   1467.218
0.3895349   1464.505
0.3953488   1464.908
0.4011628   1467.686
0.4069767   1468.174
0.4127907   1467.649
0.4186046   1465.568
0.4244186   1466.518
0.4302326   1466.396
0.4360465   1468.411
0.4418605   1468.411
0.4476744   1468.11
0.4534884   1465.891
0.4593023   1469.828
0.4651163   1472.782
0.4709302   1470.246
0.4767442   1465.899
0.4825581   1468.635
0.4883721   1468.987
0.494186   1473.544
0.5   1464.849
0.505814   1468.935
0.5116279   1467.171
0.5174419   1469.768
0.5232558   1466.674
0.5290698   1466.677
0.5348837   1461.781
0.5406977   1461.781
0.5465117   1470.073
0.5523256   1465.552
0.5581396   1472.028
0.5639535   1468.689
0.5697674   1468.689
0.5755814   1467.05
0.5813953   1462.849
0.5872093   1467.552
0.5930232   1467.552
0.5988372   1467.121
0.6046512   1466.348
0.6104651   1470.988
0.6162791   1466.338
0.622093   1464.046
0.627907   1464.046
0.6337209   1473.208
0.6395349   1469.873
0.6453488   1469.873
0.6511628   1465.431
0.6569768   1465.431
0.6627907   1470.35
0.6686047   1470.049
0.6744186   1470.049
0.6802326   1472.613
0.6860465   1472.613
0.6918604   1470.187
0.6976744   1470.187
0.7034883   1469.607
0.7093023   1469.607
0.7151163   1471.839
0.7209302   1471.839
0.7267442   1469.166
0.7325581   1470.963
0.7383721   1470.907
0.744186   1470.907
0.75   1472.476
0.755814   1472.476
0.7616279   1469.582
0.7674419   1471.138
0.7732558   1472.265
0.7790698   1471.503
0.7848837   1471.503
0.7906977   1471.341
0.7965117   1473.462
0.8023256   1473.462
0.8081396   1470.649
0.8139535   1470.649
0.8197674   1472.078
0.8255814   1473.091
0.8313953   1473.091
0.8372093   1470.723
0.8430232   1470.723
0.8488372   1469.213
0.8546512   1469.213
0.8604651   1471.606
0.8662791   1471.515
0.872093   1471.515
0.877907   1471.882
0.8837209   1471.882
0.8895349   1471.274
0.8953488   1471.274
0.9011628   1469.802
0.9069768   1469.802
0.9127907   1469.802
0.9186047   1474.481
0.9244186   1472.544
0.9302326   1472.544
0.9360465   1471.283
0.9418604   1471.283
0.9476744   1471.468
0.9534883   1470.546
0.9593023   1470.546
0.9651163   1473.3
0.9709302   1473.3
0.9767442   1473.3
0.9825581   1475.331
0.9883721   1475.331
0.994186   1463.99
1   1463.99
