0   155.4052
0.005814   140.2252
0.0116279   122.5302
0.0174419   104.3819
0.0232558   87.73525
0.0290698   73.63286
0.0348837   62.16938
0.0406977   52.97742
0.0465116   45.63005
0.0523256   39.73635
0.0581395   35.68409
0.0639535   31.64663
0.0697674   28.29476
0.0755814   25.49487
0.0813954   23.16232
0.0872093   21.16783
0.0930233   19.45185
0.0988372   17.96695
0.1046512   16.66686
0.1104651   15.53434
0.1162791   14.67971
0.122093   13.81
0.127907   13.20861
0.1337209   12.21267
0.1395349   11.82876
0.1453488   10.74665
0.1511628   10.90374
0.1569767   10.41485
0.1627907   9.736752
0.1686047   8.856166
0.1744186   8.530293
0.1802326   8.565337
0.1860465   8.005594
0.1918605   7.900344
0.1976744   7.586898
0.2034884   7.572815
0.2093023   7.159505
0.2151163   6.860922
0.2209302   6.747536
0.2267442   6.55662
0.2325581   6.459493
0.2383721   5.956892
0.244186   6.084349
0.25   5.694294
0.255814   5.710548
0.2616279   5.55505
0.2674419   5.425478
0.2732558   5.102828
0.2790698   4.840627
0.2848837   4.952836
0.2906977   4.827189
0.2965116   4.576123
0.3023256   4.778081
0.3081395   4.619528
0.3139535   4.462221
0.3197674   4.432412
0.3255814   4.376809
0.3313954   4.282235
0.3372093   4.224549
0.3430233   4.018066
0.3488372   3.893878
0.3546512   3.92974
0.3604651   3.818452
0.3662791   3.84291
0.372093   3.756432
0.377907   3.80115
0.3837209   3.759381
0.3895349   3.544706
0.3953488   3.611321
0.4011628   3.449598
0.4069767   3.389537
0.4127907   3.406561
0.4186046   3.2877
0.4244186   3.295455
0.4302326   3.321288
0.4360465   3.273448
0.4418605   3.273448
0.4476744   3.141391
0.4534884   3.101216
0.4593023   3.099168
0.4651163   3.050815
0.4709302   3.034296
0.4767442   2.929553
0.4825581   2.915612
0.4883721   2.928879
0.494186   2.896056
0.5   2.775091
0.505814   2.838311
0.5116279   2.749011
0.5174419   2.731866
0.5232558   2.642337
0.5290698   2.724757
0.5348837   2.628514
0.5406977   2.628514
0.5465117   2.634849
0.5523256   2.57975
0.5581396   2.599452
0.5639535   2.5073
0.5697674   2.5073
0.5755814   2.402013
0.5813953   2.57214
0.5872093   2.401994
0.5930232   2.401994
0.5988372   2.419208
0.6046512   2.411205
0.6104651   2.365536
0.6162791   2.306739
0.622093   2.247622
0.627907   2.247622
0.6337209   2.351531
0.6395349   2.254934
0.6453488   2.254934
0.6511628   2.190753
0.6569768   2.190753
0.6627907   2.257178
0.6686047   2.163145
0.6744186   2.163145
0.6802326   2.161596
0.6860465   2.161596
0.6918604   2.143768
0.6976744   2.143768
0.7034883   2.133726
0.7093023   2.133726
0.7151163   2.191797
0.7209302   2.191797
0.7267442   2.023001
0.7325581   2.076967
0.7383721   2.057146
0.744186   2.057146
0.75   2.038555
0.755814   2.038555
0.7616279   2.003495
0.7674419   2.011596
0.7732558   1.971435
0.7790698   1.946583
0.7848837   1.946583
0.7906977   1.949255
0.7965117   1.920996
0.8023256   1.920996
0.8081396   1.980189
0.8139535   1.980189
0.8197674   1.962162
0.8255814   1.860533
0.8313953   1.860533
0.8372093   1.832709
0.8430232   1.832709
0.8488372   1.840448
0.8546512   1.840448
0.8604651   1.875772
0.8662791   1.797464
0.872093   1.797464
0.877907   1.845699
0.8837209   1.845699
0.8895349   1.763561
0.8953488   1.763561
0.9011628   1.774772
0.9069768   1.774772
0.9127907   1.774772
0.9186047   1.726698
0.9244186   1.753062
0.9302326   1.753062
0.9360465   1.725361
0.9418604   1.725361
0.9476744   1.698111
0.9534883   1.714208
0.9593023   1.714208
0.9651163   1.713417
0.9709302   1.713417
0.9767442   1.713417
0.9825581   1.657606
0.9883721   1.657606
0.994186   1.67804
1   1.67804
