0   153.4365
0.005814   138.2538
0.0116279   120.6473
0.0174419   102.5762
0.0232558   86.13285
0.0290698   72.18063
0.0348837   60.90652
0.0406977   51.87414
0.0465116   44.69537
0.0523256   38.97536
0.0581395   35.05741
0.0639535   31.15951
0.0697674   27.93078
0.0755814   25.27741
0.0813954   23.04919
0.0872093   21.19369
0.0930233   19.59352
0.0988372   18.20339
0.1046512   17.00206
0.1104651   15.9633
0.1162791   15.34449
0.122093   14.37379
0.127907   14.396
0.1337209   13.11195
0.1395349   13.04245
0.1453488   11.13603
0.1511628   12.79568
0.1569767   12.06503
0.1627907   11.09271
0.1686047   9.452158
0.1744186   9.34429
0.1802326   10.02439
0.1860465   8.954513
0.1918605   9.200957
0.1976744   8.910789
0.2034884   9.315749
0.2093023   8.774864
0.2151163   8.29615
0.2209302   8.440909
0.2267442   8.315731
0.2325581   8.351201
0.2383721   7.292924
0.244186   7.879953
0.25   7.173755
0.255814   7.596742
0.2616279   7.216252
0.2674419   7.142734
0.2732558   6.58104
0.2790698   6.04212
0.2848837   6.508321
0.2906977   6.449179
0.2965116   5.958658
0.3023256   6.590354
0.3081395   6.381607
0.3139535   6.081675
0.3197674   6.146563
0.3255814   6.146194
0.3313954   6.074515
0.3372093   6.054214
0.3430233   5.662487
0.3488372   5.431674
0.3546512   5.627764
0.3604651   5.414502
0.3662791   5.541335
0.372093   5.410839
0.377907   5.689542
0.3837209   5.655562
0.3895349   5.163662
0.3953488   5.420948
0.4011628   5.155566
0.4069767   5.047416
0.4127907   5.195622
0.4186046   4.922274
0.4244186   5.013556
0.4302326   5.164657
0.4360465   5.143616
0.4418605   5.143616
0.4476744   4.904248
0.4534884   4.852147
0.4593023   4.884178
0.4651163   4.828289
0.4709302   4.851908
0.4767442   4.660633
0.4825581   4.621854
0.4883721   4.713967
0.494186   4.664456
0.5   4.383993
0.505814   4.625771
0.5116279   4.433702
0.5174419   4.442513
0.5232558   4.302327
0.5290698   4.515142
0.5348837   4.364912
0.5406977   4.364912
0.5465117   4.384354
0.5523256   4.310028
0.5581396   4.385059
0.5639535   4.241961
0.5697674   4.241961
0.5755814   4.001911
0.5813953   4.530047
0.5872093   4.090455
0.5930232   4.090455
0.5988372   4.192729
0.6046512   4.209304
0.6104651   4.097963
0.6162791   3.963228
0.622093   3.885962
0.627907   3.885962
0.6337209   4.1823
0.6395349   3.990197
0.6453488   3.990197
0.6511628   3.911758
0.6569768   3.911758
0.6627907   4.082201
0.6686047   3.867521
0.6744186   3.867521
0.6802326   3.917948
0.6860465   3.917948
0.6918604   3.908053
0.6976744   3.908053
0.7034883   3.946219
0.7093023   3.946219
0.7151163   4.151648
0.7209302   4.151648
0.7267442   3.686604
0.7325581   3.885027
0.7383721   3.866421
0.744186   3.866421
0.75   3.851753
0.755814   3.851753
0.7616279   3.784802
0.7674419   3.82495
0.7732558   3.736142
0.7790698   3.695047
0.7848837   3.695047
0.7906977   3.732414
0.7965117   3.683141
0.8023256   3.683141
0.8081396   3.887361
0.8139535   3.887361
0.8197674   3.892841
0.8255814   3.6031
0.8313953   3.6031
0.8372093   3.555639
0.8430232   3.555639
0.8488372   3.611139
0.8546512   3.611139
0.8604651   3.750215
0.8662791   3.539197
0.872093   3.539197
0.877907   3.702865
0.8837209   3.702865
0.8895349   3.493695
0.8953488   3.493695
0.9011628   3.570027
0.9069768   3.570027
0.9127907   3.570027
0.9186047   3.457585
0.9244186   3.552244
0.9302326   3.552244
0.9360465   3.494166
0.9418604   3.494166
0.9476744   3.437363
0.9534883   3.50951
0.9593023   3.50951
0.9651163   3.524822
0.9709302   3.524822
0.9767442   3.524822
0.9825581   3.392143
0.9883721   3.392143
0.994186   3.488137
1   3.488137
