0   156.4341
0.005814   141.3195
0.0116279   123.6569
0.0174419   105.5633
0.0232558   88.88153
0.0290698   74.73289
0.0348837   63.16999
0.0406977   53.85249
0.0465116   46.37326
0.0523256   40.33154
0.0581395   36.18137
0.0639535   32.01733
0.0697674   28.59472
0.0755814   25.68862
0.0813954   23.28961
0.0872093   21.22753
0.0930233   19.44176
0.0988372   17.88929
0.1046512   16.53276
0.1104651   15.34609
0.1162791   14.38927
0.122093   13.55375
0.127907   12.66446
0.1337209   11.71276
0.1395349   11.29904
0.1453488   10.58898
0.1511628   9.998284
0.1569767   9.639213
0.1627907   9.108195
0.1686047   8.591949
0.1744186   8.121354
0.1802326   7.853432
0.1860465   7.557866
0.1918605   7.282335
0.1976744   6.935163
0.2034884   6.723523
0.2093023   6.342352
0.2151163   6.149056
0.2209302   5.922197
0.2267442   5.691054
0.2325581   5.531386
0.2383721   5.30163
0.244186   5.219007
0.25   4.955913
0.255814   4.761459
0.2616279   4.762532
0.2674419   4.564726
0.2732558   4.371343
0.2790698   4.227326
0.2848837   4.170984
0.2906977   4.016063
0.2965116   3.881162
0.3023256   3.894594
0.3081395   3.731712
0.3139535   3.655391
0.3197674   3.576031
0.3255814   3.497615
0.3313954   3.383596
0.3372093   3.31025
0.3430233   3.18438
0.3488372   3.118782
0.3546512   3.075562
0.3604651   3.019541
0.3662791   3.01124
0.372093   2.949356
0.377907   2.868071
0.3837209   2.826515
0.3895349   2.749597
0.3953488   2.720168
0.4011628   2.599795
0.4069767   2.573264
0.4127907   2.524915
0.4186046   2.484135
0.4244186   2.446849
0.4302326   2.410917
0.4360465   2.354776
0.4418605   2.354776
0.4476744   2.265751
0.4534884   2.232759
0.4593023   2.221582
0.4651163   2.182451
0.4709302   2.14225
0.4767442   2.072205
0.4825581   2.075611
0.4883721   2.046519
0.494186   2.033069
0.5   1.980722
0.505814   1.964149
0.5116279   1.921695
0.5174419   1.891914
0.5232558   1.796348
0.5290698   1.847946
0.5348837   1.760435
0.5406977   1.760435
0.5465117   1.777654
0.5523256   1.726825
0.5581396   1.719469
0.5639535   1.640385
0.5697674   1.640385
0.5755814   1.607728
0.5813953   1.606083
0.5872093   1.56525
0.5930232   1.56525
0.5988372   1.53629
0.6046512   1.522422
0.6104651   1.50806
0.6162791   1.483495
0.622093   1.431124
0.627907   1.431124
0.6337209   1.44812
0.6395349   1.395005
0.6453488   1.395005
0.6511628   1.324589
0.6569768   1.324589
0.6627907   1.356348
0.6686047   1.318554
0.6744186   1.318554
0.6802326   1.284919
0.6860465   1.284919
0.6918604   1.266845
0.6976744   1.266845
0.7034883   1.226671
0.7093023   1.226671
0.7151163   1.224147
0.7209302   1.224147
0.7267442   1.204332
0.7325581   1.180817
0.7383721   1.160525
0.744186   1.160525
0.75   1.140599
0.755814   1.140599
0.7616279   1.11832
0.7674419   1.114409
0.7732558   1.093286
0.7790698   1.081119
0.7848837   1.081119
0.7906977   1.063957
0.7965117   1.047423
0.8023256   1.047423
0.8081396   1.034352
0.8139535   1.034352
0.8197674   0.9966871
0.8255814   0.9948149
0.8313953   0.9948149
0.8372093   0.9789266
0.8430232   0.9789266
0.8488372   0.962332
0.8546512   0.962332
0.8604651   0.9436665
0.8662791   0.9335482
0.872093   0.9335482
0.877907   0.9247999
0.8837209   0.9247999
0.8895349   0.9063358
0.8953488   0.9063358
0.9011628   0.886471
0.9069768   0.886471
0.9127907   0.886471
0.9186047   0.8662508
0.9244186   0.8599662
0.9302326   0.8599662
0.9360465   0.8467619
0.9418604   0.8467619
0.9476744   0.8341176
0.9534883   0.8206751
0.9593023   0.8206751
0.9651163   0.8137315
0.9709302   0.8137315
0.9767442   0.8137315
0.9825581   0.796692
0.9883721   0.796692
0.994186   0.7781807
1   0.7781807
