0   156.3451
0.005814   141.1023
0.0116279   123.2863
0.0174419   105.0063
0.0232558   88.19134
0.0290698   73.98504
0.0348837   62.43162
0.0406977   53.20561
0.0465116   45.82153
0.0523256   39.90217
0.0581395   35.8135
0.0639535   31.76301
0.0697674   28.35874
0.0755814   25.51859
0.0813954   23.14814
0.0872093   21.0823
0.0930233   19.32026
0.0988372   17.80818
0.1046512   16.46574
0.1104651   15.29361
0.1162791   14.30539
0.122093   13.50247
0.127907   12.56537
0.1337209   11.81331
0.1395349   11.14477
0.1453488   10.51496
0.1511628   9.917219
0.1569767   9.540338
0.1627907   9.009355
0.1686047   8.524398
0.1744186   8.12522
0.1802326   7.818154
0.1860465   7.504428
0.1918605   7.217708
0.1976744   6.914685
0.2034884   6.679159
0.2093023   6.361247
0.2151163   6.137555
0.2209302   5.87953
0.2267442   5.663047
0.2325581   5.495933
0.2383721   5.276073
0.244186   5.154104
0.25   4.953206
0.255814   4.773439
0.2616279   4.686306
0.2674419   4.56895
0.2732558   4.356057
0.2790698   4.252431
0.2848837   4.17923
0.2906977   4.016346
0.2965116   3.888566
0.3023256   3.849311
0.3081395   3.745257
0.3139535   3.649547
0.3197674   3.574693
0.3255814   3.486578
0.3313954   3.388561
0.3372093   3.309145
0.3430233   3.207366
0.3488372   3.131153
0.3546512   3.085949
0.3604651   3.021303
0.3662791   2.976193
0.372093   2.909065
0.377907   2.845802
0.3837209   2.79603
0.3895349   2.7208
0.3953488   2.692847
0.4011628   2.593464
0.4069767   2.547936
0.4127907   2.499191
0.4186046   2.456667
0.4244186   2.425928
0.4302326   2.388313
0.4360465   2.321946
0.4418605   2.321946
0.4476744   2.254136
0.4534884   2.218784
0.4593023   2.191702
0.4651163   2.141755
0.4709302   2.108752
0.4767442   2.055848
0.4825581   2.049407
0.4883721   2.026145
0.494186   1.990601
0.5   1.960599
0.505814   1.925008
0.5116279   1.891679
0.5174419   1.861225
0.5232558   1.828299
0.5290698   1.81116
0.5348837   1.760206
0.5406977   1.760206
0.5465117   1.742479
0.5523256   1.702415
0.5581396   1.693833
0.5639535   1.639562
0.5697674   1.639562
0.5755814   1.596347
0.5813953   1.580341
0.5872093   1.550225
0.5930232   1.550225
0.5988372   1.528566
0.6046512   1.501902
0.6104651   1.490615
0.6162791   1.473476
0.622093   1.425724
0.627907   1.425724
0.6337209   1.424111
0.6395349   1.379592
0.6453488   1.379592
0.6511628   1.335927
0.6569768   1.335927
0.6627907   1.332971
0.6686047   1.303368
0.6744186   1.303368
0.6802326   1.281966
0.6860465   1.281966
0.6918604   1.256379
0.6976744   1.256379
0.7034883   1.228329
0.7093023   1.228329
0.7151163   1.1996
0.7209302   1.1996
0.7267442   1.178093
0.7325581   1.164997
0.7383721   1.144539
0.744186   1.144539
0.75   1.123323
0.755814   1.123323
0.7616279   1.107415
0.7674419   1.095421
0.7732558   1.084918
0.7790698   1.063561
0.7848837   1.063561
0.7906977   1.051333
0.7965117   1.032406
0.8023256   1.032406
0.8081396   1.018807
0.8139535   1.018807
0.8197674   0.9969622
0.8255814   0.9836225
0.8313953   0.9836225
0.8372093   0.9636087
0.8430232   0.9636087
0.8488372   0.9478355
0.8546512   0.9478355
0.8604651   0.9333792
0.8662791   0.9197006
0.872093   0.9197006
0.877907   0.9094828
0.8837209   0.9094828
0.8895349   0.8906195
0.8953488   0.8906195
0.9011628   0.8678777
0.9069768   0.8678777
0.9127907   0.8678777
0.9186047   0.8562473
0.9244186   0.8470266
0.9302326   0.8470266
0.9360465   0.8351797
0.9418604   0.8351797
0.9476744   0.8228838
0.9534883   0.8123945
0.9593023   0.8123945
0.9651163   0.8016995
0.9709302   0.8016995
0.9767442   0.8016995
0.9825581   0.7840061
0.9883721   0.7840061
0.994186   0.7677445
1   0.7677445
